zip_code,total,non_hispanic_tot,Not Hispanic or Latino householder: - Householder who is White alone,Not Hispanic or Latino householder: - Householder who is Black or African American alone,Not Hispanic or Latino householder: - Householder who is American Indian and Alaska Native alone,Not Hispanic or Latino householder: - Householder who is Asian alone,Not Hispanic or Latino householder: - Householder who is Native Hawaiian and Other Pacific Islander alone,Not Hispanic or Latino householder: - Householder who is Some other race alone,Not Hispanic or Latino householder: - Householder who is Two or more races,hispanic_tot,Hispanic or Latino householder: - Householder who is White alone,Hispanic or Latino householder: - Householder who is Black or African American alone,Hispanic or Latino householder: - Householder who is American Indian and Alaska Native alone,Hispanic or Latino householder: - Householder who is Asian alone,Hispanic or Latino householder: - Householder who is Native Hawaiian and Other Pacific Islander alone,Hispanic or Latino householder: - Householder who is Some other race alone,Hispanic or Latino householder: - Householder who is Two or more races,Id_zip,per_capita_income_2017_estimate,per_capita_income_2017_margin,white_tot,black_tot,indian_tot,asian_tot,native_tot,other_tot,mixed_tot,chinese_count,ch_tot_review_ct,ch_avg_review_ct,ch_avg_rating,mexican_count,mx_tot_review_ct,mx_avg_review_ct,mx_avg_rating,fastfood_count,ff_tot_review_ct,ff_avg_review_ct,ff_avg_rating
58078,5813,5754,5650,16,45,10,2,3,28,59,26,1,1,0,0,26,5,8600000US58078,37562.0,2238.0,5813,5676,17,46,10,2,29,0,0,0.0,0.0,0,0,0.0,0.0,0,0,0.0,0.0
78602,6279,5572,4805,633,36,36,1,3,58,707,426,6,3,0,0,242,30,8600000US78602,24889.0,2143.0,6279,5231,639,39,36,1,245,1,54,54.0,2.5,14,365,26.07,3.21,12,195,16.25,2.46
29180,5521,5470,2509,2929,2,9,0,2,19,51,23,10,1,0,0,15,2,8600000US29180,23759.0,3234.0,5521,2532,2939,3,9,0,17,1,4,4.0,3.5,1,2,2.0,2.5,1,1,1.0,1.0
70062,6604,6171,3307,2706,28,57,1,6,66,433,266,12,2,1,1,121,30,8600000US70062,19565.0,1054.0,6604,3573,2718,30,58,2,127,4,139,34.75,3.12,15,678,45.2,3.03,25,345,13.8,2.26
62208,5939,5856,4824,896,9,71,0,2,54,83,47,0,0,1,0,29,6,8600000US62208,34226.0,2886.0,5939,4871,896,9,72,0,31,5,141,28.2,3.4,5,209,41.8,3.6,17,300,17.65,3.0
11238,21104,19154,3813,13814,47,714,17,112,637,1950,486,571,20,9,3,670,191,8600000US11238,49004.0,2183.0,21104,4299,14385,67,723,20,782,124,13623,109.86,4.38,96,24798,258.31,4.06,74,3152,42.59,3.93
60645,16136,14350,10066,1638,27,1974,8,77,560,1786,907,36,12,10,1,721,99,8600000US60645,26150.0,1605.0,16136,10973,1674,39,1984,9,798,15,1306,87.07,3.1,44,2869,65.2,3.69,40,1234,30.85,2.75
29902,9098,8847,6733,1935,21,70,10,3,75,251,113,22,3,1,0,95,17,8600000US29902,27415.0,2795.0,9098,6846,1957,24,71,10,98,0,0,0.0,0.0,1,36,36.0,4.0,0,0,0.0,0.0
78758,18024,13844,10136,1992,38,1338,8,33,299,4180,1736,29,37,8,3,2182,185,8600000US78758,27889.0,1472.0,18024,11872,2021,75,1346,11,2215,14,3804,271.71,3.61,63,13992,222.1,6.13,29,1236,42.62,2.79
44136,16209,16075,15329,207,6,429,1,1,102,134,93,2,1,1,0,26,11,8600000US44136,42184.0,2878.0,16209,15422,209,7,430,1,27,3,98,32.67,3.0,7,179,25.57,3.14,15,234,15.6,3.07
72834,3594,3345,3194,80,13,11,0,0,47,249,50,0,2,0,1,186,10,8600000US72834,20386.0,2235.0,3594,3244,80,15,11,1,186,0,0,0.0,0.0,0,0,0.0,0.0,0,0,0.0,0.0
33556,5017,4738,4476,128,17,77,1,3,36,279,247,3,2,0,1,16,10,8600000US33556,46812.0,3853.0,5017,4723,131,19,77,2,19,1,9,9.0,3.0,0,0,0.0,0.0,1,5,5.0,4.0
15071,3873,3837,3626,87,5,100,0,1,18,36,28,2,0,2,0,3,1,8600000US15071,39214.0,2370.0,3873,3654,89,5,102,0,4,0,0,0.0,0.0,0,0,0.0,0.0,0,0,0.0,0.0
28104,6625,6538,6124,280,27,50,0,5,52,87,57,0,1,0,0,27,2,8600000US28104,45050.0,2599.0,6625,6181,280,28,50,0,32,3,73,24.33,3.83,3,280,93.33,3.5,9,104,11.56,2.78
46323,9265,8142,6793,1179,19,55,3,6,87,1123,642,11,7,2,2,404,55,8600000US46323,21186.0,1411.0,9265,7435,1190,26,57,5,410,3,45,15.0,2.83,10,95,9.5,4.0,15,125,8.33,2.57
60077,10081,9656,7634,231,4,1620,2,9,156,425,259,5,6,8,0,121,26,8600000US60077,28714.0,2397.0,10081,7893,236,10,1628,2,130,7,591,84.43,3.29,14,1654,118.14,3.5,26,1186,45.62,3.0
46619,7465,6642,4732,1803,16,18,0,2,71,823,240,5,11,0,1,527,39,8600000US46619,16613.0,1117.0,7465,4972,1808,27,18,1,529,2,11,5.5,3.0,4,77,19.25,2.5,10,42,4.2,2.15
92879,13481,9435,6870,1037,69,1031,33,24,371,4046,1640,31,53,15,5,2055,247,8600000US92879,25041.0,1117.0,13481,8510,1068,122,1046,38,2079,7,826,118.0,3.14,27,4288,158.81,3.7,31,2236,72.13,2.74
85254,18586,18004,17225,202,41,347,11,13,165,582,405,7,3,5,0,127,35,8600000US85254,48595.0,2568.0,18586,17630,209,44,352,11,140,4,664,166.0,3.25,10,1928,192.8,3.55,17,974,57.29,3.26
34759,2562,1770,1356,321,6,23,3,11,50,792,508,39,8,1,1,183,52,8600000US34759,17552.0,1341.0,2562,1864,360,14,24,4,194,0,0,0.0,0.0,0,0,0.0,0.0,0,0,0.0,0.0
07901,8507,7972,7258,333,6,328,1,3,43,535,416,8,4,2,0,72,33,8600000US07901,81398.0,5610.0,8507,7674,341,10,330,1,75,5,135,27.0,3.1,2,17,8.5,3.0,3,40,13.33,2.83
06029,5192,5136,4993,49,12,55,1,3,23,56,35,3,0,2,0,14,2,8600000US06029,44475.0,4854.0,5192,5028,52,12,57,1,17,3,77,25.67,3.67,0,0,0.0,0.0,2,18,9.0,3.25
47012,3504,3493,3468,1,4,5,0,0,15,11,9,0,0,0,0,0,2,8600000US47012,25507.0,1776.0,3504,3477,1,4,5,0,0,0,0,0.0,0.0,0,0,0.0,0.0,0,0,0.0,0.0
06374,3154,3098,3020,21,11,16,0,1,29,56,41,0,0,0,0,14,1,8600000US06374,30557.0,2327.0,3154,3061,21,11,16,0,15,2,27,13.5,3.75,0,0,0.0,0.0,2,10,5.0,1.75
52732,11991,11870,11426,294,32,51,0,4,63,121,73,1,4,1,0,36,6,8600000US52732,26377.0,1384.0,11991,11499,295,36,52,0,40,0,0,0.0,0.0,0,0,0.0,0.0,0,0,0.0,0.0
11385,34852,24313,21441,378,25,1603,1,77,788,10539,3777,215,69,26,7,5747,698,8600000US11385,27568.0,749.0,34852,25218,593,94,1629,8,5824,90,2596,28.84,3.94,63,5534,87.84,6.11,48,720,15.0,2.79
93648,2824,307,192,0,13,85,0,0,17,2517,835,7,47,4,1,1521,102,8600000US93648,11297.0,1371.0,2824,1027,7,60,89,1,1521,1,12,12.0,4.0,10,51,5.1,4.0,1,1,1.0,4.0
24477,3254,3233,3115,89,6,4,2,1,16,21,13,0,0,0,0,8,0,8600000US24477,26828.0,2040.0,3254,3128,89,6,4,2,9,0,0,0.0,0.0,0,0,0.0,0.0,0,0,0.0,0.0
98502,10671,10359,9372,143,120,472,20,27,205,312,164,7,11,6,2,100,22,8600000US98502,35259.0,1916.0,10671,9536,150,131,478,22,127,0,0,0.0,0.0,0,0,0.0,0.0,0,0,0.0,0.0
32312,10328,10143,8840,1043,19,175,2,4,60,185,141,5,1,1,0,23,14,8600000US32312,47825.0,2655.0,10328,8981,1048,20,176,2,27,2,17,8.5,3.0,1,6,6.0,4.5,5,36,7.2,3.7
93536,15176,13307,11122,1229,105,510,28,27,286,1869,903,18,45,6,3,752,142,8600000US93536,26408.0,961.0,15176,12025,1247,150,516,31,779,0,0,0.0,0.0,2,191,95.5,4.25,0,0,0.0,0.0
45242,8525,8462,7778,271,6,356,0,4,47,63,45,1,1,2,0,11,3,8600000US45242,51608.0,3425.0,8525,7823,272,7,358,0,15,4,54,13.5,3.38,7,244,34.86,3.5,17,210,12.35,2.88
41179,3185,3170,3139,3,9,0,0,0,19,15,14,0,0,0,0,1,0,8600000US41179,19518.0,2722.0,3185,3153,3,9,0,0,1,0,0,0.0,0.0,0,0,0.0,0.0,0,0,0.0,0.0
03833,7470,7438,7300,23,13,50,1,4,47,32,23,1,0,0,0,8,0,8600000US03833,46910.0,2431.0,7470,7323,24,13,50,1,12,2,100,50.0,3.5,2,199,99.5,3.0,0,0,0.0,0.0
21220,14188,14022,12091,1660,66,92,3,8,102,166,85,10,1,3,0,55,12,8600000US21220,30731.0,1551.0,14188,12176,1670,67,95,3,63,2,11,5.5,4.25,1,27,27.0,4.5,3,7,2.33,1.83
60402,22225,16956,15972,193,30,420,1,26,314,5269,2434,30,43,10,2,2511,239,8600000US60402,23692.0,1053.0,22225,18406,223,73,430,3,2537,15,480,32.0,3.17,54,4760,88.15,6.24,42,1486,35.38,2.71
22601,10321,9949,8719,966,23,124,2,8,107,372,159,4,3,0,0,187,19,8600000US22601,28486.0,1332.0,10321,8878,970,26,124,2,195,9,391,43.44,3.28,20,577,28.85,3.9,22,295,13.41,2.57
12078,9814,9735,9489,109,17,47,2,4,67,79,48,4,1,0,0,19,7,8600000US12078,23367.0,1436.0,9814,9537,113,18,47,2,23,0,0,0.0,0.0,0,0,0.0,0.0,0,0,0.0,0.0
96816,17536,17122,3767,53,10,10632,784,10,1866,414,137,3,5,40,17,50,162,8600000US96816,41388.0,1850.0,17536,3904,56,15,10672,801,60,22,3390,154.09,3.55,17,4572,268.94,3.5,40,9285,232.12,2.94
88001,13570,6312,5383,316,182,174,5,34,218,7258,3813,43,121,8,3,2941,329,8600000US88001,16501.0,1358.0,13570,9196,359,303,182,8,2975,12,220,18.33,3.0,51,3926,76.98,7.24,46,479,10.41,2.89
35071,5435,5411,5293,56,8,20,1,0,33,24,16,0,0,1,0,6,1,8600000US35071,29951.0,2220.0,5435,5309,56,8,21,1,6,0,0,0.0,0.0,0,0,0.0,0.0,0,0,0.0,0.0
76230,3824,3738,3685,1,14,11,1,0,26,86,45,0,1,0,0,33,7,8600000US76230,27647.0,3290.0,3824,3730,1,15,11,1,33,0,0,0.0,0.0,0,0,0.0,0.0,0,0,0.0,0.0
95240,15685,12138,10874,64,106,624,12,36,422,3547,1381,14,59,19,1,1845,228,8600000US95240,21972.0,942.0,15685,12255,78,165,643,13,1881,0,0,0.0,0.0,3,24,8.0,3.83,3,33,11.0,1.67
50310,13435,13193,12050,686,35,235,3,18,166,242,92,6,4,1,0,122,17,8600000US50310,31317.0,1532.0,13435,12142,692,39,236,3,140,8,219,27.38,3.25,9,112,12.44,3.61,25,322,12.88,3.08
48117,3637,3598,3460,87,9,3,1,1,37,39,27,1,1,0,0,6,4,8600000US48117,29453.0,2043.0,3637,3487,88,10,3,1,7,0,0,0.0,0.0,0,0,0.0,0.0,0,0,0.0,0.0
72801,6555,6400,5843,342,49,67,0,3,96,155,66,5,2,0,0,75,7,8600000US72801,15271.0,957.0,6555,5909,347,51,67,0,78,2,26,13.0,2.75,11,93,8.45,3.91,20,136,6.8,2.73
37206,11005,10791,6003,4458,50,57,17,16,190,214,85,12,2,0,0,100,15,8600000US37206,31793.0,2194.0,11005,6088,4470,52,57,17,116,1,35,35.0,3.0,16,2464,154.0,4.03,16,281,17.56,2.5
07740,12713,10969,8427,2037,16,189,5,59,236,1744,994,96,17,4,0,492,141,8600000US07740,32915.0,1797.0,12713,9421,2133,33,193,5,551,7,99,14.14,3.36,13,537,41.31,4.08,7,163,23.29,3.36
67206,5573,5463,4936,211,27,199,2,5,83,110,68,1,3,1,0,29,8,8600000US67206,54097.0,5002.0,5573,5004,212,30,200,2,34,5,229,45.8,3.3,8,326,40.75,3.38,15,293,19.53,2.8
64076,3302,3286,3203,37,11,5,1,0,29,16,12,0,0,0,0,4,0,8600000US64076,26016.0,3055.0,3302,3215,37,11,5,1,4,0,0,0.0,0.0,0,0,0.0,0.0,0,0,0.0,0.0
70094,11843,11426,7137,3798,81,306,2,9,93,417,242,19,9,2,0,101,44,8600000US70094,18508.0,1171.0,11843,7379,3817,90,308,2,110,0,0,0.0,0.0,0,0,0.0,0.0,0,0,0.0,0.0
60142,2977,2885,2805,8,3,49,0,2,18,92,55,0,2,0,0,31,4,8600000US60142,38370.0,2362.0,2977,2860,8,5,49,0,33,2,6,3.0,3.25,3,122,40.67,3.0,11,200,18.18,2.45
48377,5305,5225,4762,136,13,243,0,6,65,80,56,1,3,1,0,14,5,8600000US48377,41466.0,2282.0,5305,4818,137,16,244,0,20,6,143,23.83,3.0,4,138,34.5,3.12,12,478,39.83,2.88
93247,4236,1795,1628,7,30,70,2,4,54,2441,796,9,24,2,3,1503,104,8600000US93247,13698.0,1158.0,4236,2424,16,54,72,5,1507,1,14,14.0,4.0,2,50,25.0,4.25,0,0,0.0,0.0
21613,6994,6948,4578,2299,10,27,0,1,33,46,17,8,0,1,0,17,3,8600000US21613,30764.0,3341.0,6994,4595,2307,10,28,0,18,2,13,6.5,2.0,3,76,25.33,2.83,7,36,5.14,2.14
29575,12745,12555,11729,595,37,107,7,4,76,190,114,2,3,1,1,63,6,8600000US29575,30142.0,2326.0,12745,11843,597,40,108,8,67,7,134,19.14,2.71,4,100,25.0,3.12,18,192,10.67,3.14
35504,5138,5101,5003,42,17,16,1,0,22,37,23,0,0,0,0,12,2,8600000US35504,24611.0,2357.0,5138,5026,42,17,16,1,12,0,0,0.0,0.0,0,0,0.0,0.0,0,0,0.0,0.0
77355,4704,4359,4258,30,21,9,2,1,38,345,219,1,1,0,0,107,17,8600000US77355,37189.0,3195.0,4704,4477,31,22,9,2,108,0,0,0.0,0.0,0,0,0.0,0.0,0,0,0.0,0.0
76262,5579,5357,5149,60,30,49,2,1,66,222,128,1,3,0,0,72,18,8600000US76262,50725.0,2992.0,5579,5277,61,33,49,2,73,2,83,41.5,2.25,9,726,80.67,3.39,17,355,20.88,2.47
62286,2538,2521,2215,272,4,8,0,0,22,17,12,1,0,0,0,4,0,8600000US62286,29014.0,3640.0,2538,2227,273,4,8,0,4,2,12,6.0,3.25,2,10,5.0,2.5,4,12,3.0,2.5
32542,2521,2293,1796,368,11,54,7,8,49,228,108,10,3,3,0,92,12,8600000US32542,19813.0,3310.0,2521,1904,378,14,57,7,100,0,0,0.0,0.0,0,0,0.0,0.0,0,0,0.0,0.0
44483,11916,11825,10635,1054,15,30,0,6,85,91,60,7,1,2,0,15,6,8600000US44483,22502.0,1229.0,11916,10695,1061,16,32,0,21,1,4,4.0,3.0,0,0,0.0,0.0,2,4,2.0,1.5
30078,9630,9323,8332,652,19,223,1,5,91,307,162,12,3,0,0,108,22,8600000US30078,31024.0,2135.0,9630,8494,664,22,223,1,113,6,235,39.17,3.0,5,218,43.6,2.5,28,598,21.36,2.64
49107,4169,4120,3849,197,17,15,0,1,41,49,23,2,2,0,0,16,6,8600000US49107,24336.0,1605.0,4169,3872,199,19,15,0,17,1,5,5.0,3.5,0,0,0.0,0.0,2,9,4.5,2.5
34234,8331,7970,4960,2830,30,42,2,9,97,361,225,22,2,0,0,77,35,8600000US34234,21082.0,2013.0,8331,5185,2852,32,42,2,86,4,90,22.5,3.0,15,671,44.73,4.03,10,129,12.9,3.3
98374,10189,9896,9137,190,88,251,31,18,181,293,155,4,2,6,0,102,24,8600000US98374,33386.0,1714.0,10189,9292,194,90,257,31,120,5,458,91.6,3.2,11,730,66.36,3.45,24,996,41.5,2.88
78408,3585,1197,886,257,12,16,1,6,19,2388,1374,9,18,2,0,892,93,8600000US78408,16960.0,1518.0,3585,2260,266,30,18,1,898,1,17,17.0,3.0,20,158,7.9,3.95,7,26,3.71,2.07
43026,17769,17500,16264,445,28,572,4,12,175,269,149,8,1,1,0,95,15,8600000US43026,37741.0,1397.0,17769,16413,453,29,573,4,107,5,225,45.0,3.3,9,542,60.22,3.67,15,263,17.53,2.97
07849,2660,2575,2519,19,2,14,0,1,20,85,61,1,0,0,0,18,5,8600000US07849,42821.0,4024.0,2660,2580,20,2,14,0,19,1,14,14.0,3.0,1,7,7.0,3.5,2,24,12.0,2.25
35661,6401,6358,5457,831,17,21,0,1,31,43,25,5,2,0,0,10,1,8600000US35661,26638.0,1593.0,6401,5482,836,19,21,0,11,0,0,0.0,0.0,0,0,0.0,0.0,0,0,0.0,0.0
30233,6483,6407,5129,1197,20,15,3,1,42,76,49,6,0,0,0,14,7,8600000US30233,24573.0,5056.0,6483,5178,1203,20,15,3,15,0,0,0.0,0.0,2,52,26.0,2.25,7,28,4.0,1.29
37421,16676,16467,14018,1918,39,360,1,8,123,209,125,2,2,1,0,64,15,8600000US37421,32504.0,1433.0,16676,14143,1920,41,361,1,72,6,220,36.67,3.25,9,359,39.89,3.44,18,213,11.83,2.86
10550,13833,12591,2278,9346,41,221,10,140,555,1242,486,147,12,5,0,473,119,8600000US10550,23387.0,1219.0,13833,2764,9493,53,226,10,613,21,368,17.52,3.07,8,312,39.0,3.44,25,425,17.0,2.18
27524,3932,3724,3360,330,15,5,0,0,14,208,77,3,3,0,0,115,10,8600000US27524,22346.0,2087.0,3932,3437,333,18,5,0,115,0,0,0.0,0.0,0,0,0.0,0.0,0,0,0.0,0.0
98337,2869,2710,2260,157,53,89,18,12,121,159,74,7,4,8,1,48,17,8600000US98337,25663.0,2404.0,2869,2334,164,57,97,19,60,3,344,114.67,3.5,8,870,108.75,3.5,8,183,22.88,2.62
01507,3788,3770,3730,7,4,10,1,2,16,18,14,1,0,0,0,3,0,8600000US01507,39167.0,3312.0,3788,3744,8,4,10,1,5,0,0,0.0,0.0,0,0,0.0,0.0,3,38,12.67,2.0
95765,5238,4922,4441,66,21,265,5,5,119,316,196,1,3,6,2,86,22,8600000US95765,42341.0,2011.0,5238,4637,67,24,271,7,91,4,798,199.5,3.38,20,3304,165.2,3.52,24,2752,114.67,2.94
45103,9501,9435,9141,114,23,100,4,2,51,66,44,0,1,0,0,16,5,8600000US45103,29695.0,1758.0,9501,9185,114,24,100,4,18,0,0,0.0,0.0,1,1,1.0,5.0,0,0,0.0,0.0
13760,18698,18528,17806,331,29,235,4,11,112,170,111,6,1,2,0,41,9,8600000US13760,30955.0,1262.0,18698,17917,337,30,237,4,52,0,0,0.0,0.0,0,0,0.0,0.0,0,0,0.0,0.0
28403,13915,13625,11693,1615,53,135,6,10,113,290,156,27,3,1,1,79,23,8600000US28403,25146.0,1534.0,13915,11849,1642,56,136,7,89,9,480,53.33,3.28,16,953,59.56,3.5,18,178,9.89,2.92
72335,6388,6333,3137,3121,11,32,0,0,32,55,29,9,1,0,0,13,3,8600000US72335,15217.0,1312.0,6388,3166,3130,12,32,0,13,1,14,14.0,2.5,4,70,17.5,3.25,9,73,8.11,2.5
98226,22045,21430,19685,147,663,567,16,40,312,615,290,6,26,7,4,240,42,8600000US98226,31475.0,1524.0,22045,19975,153,689,574,20,280,5,164,32.8,2.9,15,933,62.2,3.63,18,307,17.06,2.56
96790,2534,2429,1571,5,6,472,111,3,261,105,45,0,3,5,6,20,26,8600000US96790,40341.0,5113.0,2534,1616,5,9,477,117,23,0,0,0.0,0.0,0,0,0.0,0.0,0,0,0.0,0.0
06067,7557,7379,6829,236,3,238,2,2,69,178,113,3,2,0,0,49,11,8600000US06067,44956.0,3409.0,7557,6942,239,5,238,2,51,3,104,34.67,3.83,1,142,142.0,3.0,5,52,10.4,2.5
33714,7966,7725,7186,161,48,229,5,8,88,241,153,5,7,1,0,60,15,8600000US33714,19670.0,1259.0,7966,7339,166,55,230,5,68,6,459,76.5,3.08,10,612,61.2,3.3,28,506,18.07,2.68
53209,19264,18952,7516,11022,52,185,2,7,168,312,113,65,2,2,1,105,24,8600000US53209,20313.0,766.0,19264,7629,11087,54,187,3,112,3,35,11.67,3.83,3,29,9.67,2.5,7,49,7.0,1.86
75180,6163,4985,3702,1102,52,40,2,5,82,1178,449,14,12,0,0,653,50,8600000US75180,14709.0,961.0,6163,4151,1116,64,40,2,658,6,126,21.0,2.92,15,110,7.33,3.5,21,229,10.9,2.36
38105,3671,3625,403,3085,1,95,0,2,39,46,20,15,0,1,0,7,3,8600000US38105,16697.0,2708.0,3671,423,3100,1,96,0,9,4,121,30.25,2.75,8,474,59.25,3.5,18,156,8.67,2.5
66049,8195,8009,7230,339,97,226,3,8,106,186,105,3,1,2,0,60,15,8600000US66049,38219.0,1888.0,8195,7335,342,98,228,3,68,1,48,48.0,4.5,2,62,31.0,2.25,5,33,6.6,2.0
78721,3099,1898,176,1691,7,2,0,4,18,1201,459,19,13,0,1,675,34,8600000US78721,20187.0,1757.0,3099,635,1710,20,2,1,679,0,0,0.0,0.0,22,643,29.23,4.2,13,271,20.85,2.19
62401,7650,7604,7510,17,10,32,0,0,35,46,24,0,1,0,0,17,4,8600000US62401,30139.0,2247.0,7650,7534,17,11,32,0,17,3,53,17.67,3.0,5,178,35.6,3.5,18,147,8.17,3.08
16511,4456,4349,4104,202,2,10,0,4,27,107,44,5,0,0,1,52,5,8600000US16511,26624.0,1696.0,4456,4148,207,2,10,1,56,1,18,18.0,3.5,0,0,0.0,0.0,0,0,0.0,0.0
48074,3117,3093,3020,33,9,3,1,1,26,24,16,0,2,0,0,6,0,8600000US48074,26586.0,2567.0,3117,3036,33,11,3,1,7,0,0,0.0,0.0,0,0,0.0,0.0,0,0,0.0,0.0
33304,9655,8934,7199,1207,23,119,5,19,362,721,500,32,5,4,0,139,41,8600000US33304,45069.0,5858.0,9655,7699,1239,28,123,5,158,13,1716,132.0,3.12,25,5647,225.88,3.84,27,827,30.63,2.57
86047,4020,3267,1661,101,1426,29,2,1,47,753,316,5,22,0,0,372,38,8600000US86047,14594.0,1275.0,4020,1977,106,1448,29,2,373,0,0,0.0,0.0,0,0,0.0,0.0,0,0,0.0,0.0
36701,9847,9801,4727,4969,10,45,0,2,48,46,13,18,0,3,0,8,4,8600000US36701,19688.0,1207.0,9847,4740,4987,10,48,0,10,0,0,0.0,0.0,0,0,0.0,0.0,0,0,0.0,0.0
29566,4931,4890,4155,683,13,12,1,2,24,41,28,3,1,0,0,7,2,8600000US29566,27831.0,1923.0,4931,4183,686,14,12,1,9,0,0,0.0,0.0,1,93,93.0,3.5,1,1,1.0,1.0
83686,10426,9478,9172,23,72,59,13,6,133,948,305,6,11,2,0,572,52,8600000US83686,21683.0,1035.0,10426,9477,29,83,61,13,578,0,0,0.0,0.0,0,0,0.0,0.0,0,0,0.0,0.0
93230,17681,12596,10755,800,131,407,28,25,450,5085,1877,23,102,10,2,2774,297,8600000US93230,24361.0,1387.0,17681,12632,823,233,417,30,2799,0,0,0.0,0.0,0,0,0.0,0.0,0,0,0.0,0.0
39571,6419,6337,5239,929,29,78,3,6,53,82,48,7,1,0,0,17,9,8600000US39571,27224.0,2332.0,6419,5287,936,30,78,3,23,0,0,0.0,0.0,0,0,0.0,0.0,0,0,0.0,0.0
15220,8817,8763,7663,426,3,550,1,14,106,54,41,1,2,0,0,7,3,8600000US15220,37144.0,1809.0,8817,7704,427,5,550,1,21,9,458,50.89,3.44,11,420,38.18,3.41,17,191,11.24,2.71
17404,23044,22073,20262,1431,23,172,5,13,167,971,322,56,8,1,1,521,62,8600000US17404,29583.0,1323.0,23044,20584,1487,31,173,6,534,6,95,15.83,3.17,5,196,39.2,2.7,18,128,7.11,2.86
68503,6317,6015,4726,501,87,525,5,16,155,302,117,6,6,1,1,151,20,8600000US68503,17567.0,1438.0,6317,4843,507,93,526,6,167,9,270,30.0,3.56,23,358,15.57,3.87,28,252,9.0,2.86
75652,4666,4434,3259,1117,16,8,0,0,34,232,86,4,2,0,0,126,14,8600000US75652,20816.0,2231.0,4666,3345,1121,18,8,0,126,0,0,0.0,0.0,0,0,0.0,0.0,0,0,0.0,0.0
45177,8234,8189,7786,297,12,33,0,2,59,45,31,1,0,0,0,10,3,8600000US45177,26845.0,2347.0,8234,7817,298,12,33,0,12,0,0,0.0,0.0,0,0,0.0,0.0,0,0,0.0,0.0
40356,11486,11395,10915,344,30,29,2,1,74,91,40,1,1,0,0,38,11,8600000US40356,29364.0,1483.0,11486,10955,345,31,29,2,39,2,18,9.0,3.25,2,34,17.0,3.5,1,2,2.0,1.0
34769,7214,6655,6396,107,32,43,2,1,74,559,359,23,6,0,1,139,31,8600000US34769,22068.0,2549.0,7214,6755,130,38,43,3,140,4,99,24.75,3.5,7,286,40.86,3.64,14,175,12.5,3.36
38119,9755,9617,8214,1052,12,249,2,7,81,138,90,2,0,0,0,37,9,8600000US38119,37616.0,3515.0,9755,8304,1054,12,249,2,44,10,530,53.0,3.5,16,827,51.69,3.56,23,318,13.83,2.59
63016,2685,2666,2636,1,8,2,0,0,19,19,13,0,0,0,0,6,0,8600000US63016,29110.0,4207.0,2685,2649,1,8,2,0,6,0,0,0.0,0.0,0,0,0.0,0.0,1,4,4.0,2.5
97013,6876,6435,6269,11,40,44,1,1,69,441,201,3,6,2,1,205,23,8600000US97013,30725.0,1751.0,6876,6470,14,46,46,2,206,0,0,0.0,0.0,0,0,0.0,0.0,0,0,0.0,0.0
10801,12749,10362,6077,3668,14,321,4,35,243,2387,1435,71,15,6,2,697,161,8600000US10801,31032.0,1610.0,12749,7512,3739,29,327,6,732,15,224,14.93,3.03,21,1048,49.9,3.9,17,181,10.65,2.59
80031,10975,9577,8871,124,40,413,4,3,122,1398,761,5,25,5,2,527,73,8600000US80031,35538.0,1608.0,10975,9632,129,65,418,6,530,11,396,36.0,3.27,21,1162,55.33,3.52,19,426,22.42,2.45
78501,18696,4293,3868,89,18,252,3,3,60,14403,11470,19,48,7,3,2428,428,8600000US78501,17546.0,905.0,18696,15338,108,66,259,6,2431,7,202,28.86,3.07,72,2520,35.0,5.4,30,209,6.97,2.9
27705,17329,16502,11809,3617,45,772,1,20,238,827,258,22,4,2,1,493,47,8600000US27705,34276.0,2072.0,17329,12067,3639,49,774,2,513,1,25,25.0,3.5,2,20,10.0,3.0,7,214,30.57,2.79
44413,3115,3105,3082,4,3,1,0,0,15,10,7,0,0,0,0,2,1,8600000US44413,21581.0,1936.0,3115,3089,4,3,1,0,2,0,0,0.0,0.0,0,0,0.0,0.0,1,7,7.0,2.0
54720,3003,2993,2933,15,11,17,0,1,16,10,7,0,0,1,0,1,1,8600000US54720,30393.0,3112.0,3003,2940,15,11,18,0,2,1,25,25.0,2.5,1,16,16.0,3.5,3,25,8.33,3.5
15146,12382,12307,10754,980,12,454,6,13,88,75,49,4,0,1,1,15,5,8600000US15146,33327.0,1364.0,12382,10803,984,12,455,7,28,5,251,50.2,3.5,5,387,77.4,3.2,22,402,18.27,2.93
35212,6086,5910,1476,4374,9,17,0,3,31,176,43,21,4,0,0,97,11,8600000US35212,19139.0,1930.0,6086,1519,4395,13,17,0,100,3,126,42.0,3.67,5,402,80.4,3.8,12,139,11.58,2.46
54220,16707,16483,16037,50,85,230,4,3,74,224,122,2,6,1,1,84,8,8600000US54220,27316.0,1062.0,16707,16159,52,91,231,5,87,3,32,10.67,2.83,5,104,20.8,3.6,12,47,3.92,2.96
08098,2928,2898,2547,316,7,16,0,2,10,30,20,1,0,0,0,7,2,8600000US08098,36881.0,2914.0,2928,2567,317,7,16,0,9,1,12,12.0,3.5,0,0,0.0,0.0,2,13,6.5,2.25
35802,9431,9317,8178,789,46,219,2,9,74,114,90,4,1,1,0,13,5,8600000US35802,43370.0,2143.0,9431,8268,793,47,220,2,22,4,165,41.25,3.5,5,240,48.0,3.4,14,157,11.21,3.11
45769,2610,2606,2541,29,11,1,0,1,23,4,3,0,0,0,0,1,0,8600000US45769,21360.0,2628.0,2610,2544,29,11,1,0,2,0,0,0.0,0.0,0,0,0.0,0.0,0,0,0.0,0.0
10032,20789,8075,1703,5322,43,581,3,46,377,12714,2589,939,128,17,16,7797,1228,8600000US10032,23217.0,1429.0,20789,4292,6261,171,598,19,7843,82,4734,57.73,4.16,80,6404,80.05,4.83,79,1950,24.68,3.57
98116,10571,10276,9422,153,76,352,16,21,236,295,166,6,8,2,2,80,31,8600000US98116,60743.0,3890.0,10571,9588,159,84,354,18,101,4,659,164.75,3.38,13,2689,206.85,3.58,6,558,93.0,2.92
57350,5996,5945,5813,45,37,23,1,0,26,51,28,0,2,0,1,17,3,8600000US57350,23820.0,1218.0,5996,5841,45,39,23,2,17,0,0,0.0,0.0,3,21,7.0,3.33,1,6,6.0,4.0
54457,3426,3387,3323,2,42,5,1,2,12,39,14,0,1,0,0,22,2,8600000US54457,29632.0,3189.0,3426,3337,2,43,5,1,24,0,0,0.0,0.0,0,0,0.0,0.0,0,0,0.0,0.0
92024,18277,16704,15750,86,51,523,20,28,246,1573,898,3,29,4,1,560,78,8600000US92024,58763.0,4218.0,18277,16648,89,80,527,21,588,3,243,81.0,3.17,19,3611,190.05,3.66,17,1440,84.71,3.09
06484,14190,13816,13301,122,21,235,0,7,130,374,262,5,2,2,0,85,18,8600000US06484,45642.0,2806.0,14190,13563,127,23,237,0,92,2,127,63.5,3.25,3,175,58.33,3.5,7,79,11.29,2.57
23847,5110,5062,2337,2677,4,17,3,5,19,48,26,8,1,0,0,13,0,8600000US23847,16588.0,1023.0,5110,2363,2685,5,17,3,18,1,8,8.0,2.5,3,93,31.0,3.67,9,154,17.11,2.33
11961,5270,5155,4944,133,10,26,0,4,38,115,85,3,1,0,0,20,6,8600000US11961,34900.0,2372.0,5270,5029,136,11,26,0,24,1,13,13.0,3.5,0,0,0.0,0.0,0,0,0.0,0.0
14613,5545,4990,3267,1458,39,78,0,13,135,555,208,31,4,1,0,244,67,8600000US14613,15823.0,1078.0,5545,3475,1489,43,79,0,257,8,35,4.38,3.56,1,11,11.0,3.5,9,46,5.11,2.22
63052,6661,6603,6511,13,18,15,3,1,42,58,33,0,1,1,0,13,10,8600000US63052,28730.0,1471.0,6661,6544,13,19,16,3,14,1,18,18.0,3.0,0,0,0.0,0.0,3,24,8.0,3.0
08090,3048,3008,2687,277,3,17,0,0,24,40,26,3,1,1,0,6,3,8600000US08090,34114.0,1872.0,3048,2713,280,4,18,0,6,3,65,21.67,3.17,2,79,39.5,3.75,5,34,6.8,3.3
84501,4465,4084,3936,9,33,12,2,8,84,381,160,0,6,1,0,179,35,8600000US84501,21507.0,1138.0,4465,4096,9,39,13,2,187,1,18,18.0,3.5,4,43,10.75,2.5,7,61,8.71,2.43
41501,9778,9722,9548,63,8,53,1,0,49,56,45,2,1,3,0,3,2,8600000US41501,24048.0,2229.0,9778,9593,65,9,56,1,3,0,0,0.0,0.0,0,0,0.0,0.0,0,0,0.0,0.0
37854,4878,4859,4669,145,9,6,2,1,27,19,15,0,0,0,0,3,1,8600000US37854,21126.0,1876.0,4878,4684,145,9,6,2,4,0,0,0.0,0.0,0,0,0.0,0.0,0,0,0.0,0.0
84116,9710,6919,5745,288,102,389,208,8,179,2791,1353,29,39,4,2,1203,161,8600000US84116,18518.0,1404.0,9710,7098,317,141,393,210,1211,0,0,0.0,0.0,0,0,0.0,0.0,0,0,0.0,0.0
56303,9606,9529,9180,91,40,148,2,6,62,77,39,2,3,0,0,31,2,8600000US56303,27621.0,1609.0,9606,9219,93,43,148,2,37,9,97,10.78,3.0,9,311,34.56,3.5,19,119,6.26,2.74
21234,29231,28883,23078,4738,45,734,8,16,264,348,206,39,3,2,3,58,37,8600000US21234,33528.0,1069.0,29231,23284,4777,48,736,11,74,18,405,22.5,3.06,6,394,65.67,3.42,17,205,12.06,2.59
75013,3735,3619,3278,106,12,196,1,1,25,116,73,1,2,2,0,33,5,8600000US75013,51388.0,3582.0,3735,3351,107,14,198,1,34,9,617,68.56,3.11,16,1791,111.94,3.75,18,743,41.28,3.17
70809,8871,8716,7745,760,19,128,1,10,53,155,119,2,2,2,0,26,4,8600000US70809,43456.0,2726.0,8871,7864,762,21,130,1,36,8,271,33.88,3.25,9,448,49.78,3.72,29,434,14.97,2.97
28144,10113,9910,5877,3832,36,80,1,7,77,203,105,16,0,0,2,72,8,8600000US28144,23120.0,2063.0,10113,5982,3848,36,80,3,79,4,43,10.75,3.0,5,222,44.4,3.3,15,132,8.8,2.57
99026,2539,2515,2445,9,19,10,2,0,30,24,16,0,0,0,1,6,1,8600000US99026,30937.0,2982.0,2539,2461,9,19,10,3,6,0,0,0.0,0.0,0,0,0.0,0.0,0,0,0.0,0.0
56320,2768,2725,2709,2,2,1,0,1,10,43,26,2,1,0,0,13,1,8600000US56320,33415.0,2080.0,2768,2735,4,3,1,0,14,0,0,0.0,0.0,0,0,0.0,0.0,2,8,4.0,3.25
78016,3124,1970,1899,13,10,1,0,7,40,1154,715,4,11,2,0,368,54,8600000US78016,23182.0,2131.0,3124,2614,17,21,3,0,375,0,0,0.0,0.0,1,1,1.0,5.0,0,0,0.0,0.0
01966,3490,3470,3429,5,3,11,0,2,20,20,13,0,0,0,0,5,2,8600000US01966,43976.0,4563.0,3490,3442,5,3,11,0,7,0,0,0.0,0.0,0,0,0.0,0.0,0,0,0.0,0.0
37062,3362,3341,3282,15,12,5,0,0,27,21,14,0,0,0,0,5,2,8600000US37062,28863.0,2537.0,3362,3296,15,12,5,0,5,2,39,19.5,4.0,4,59,14.75,3.75,5,28,5.6,2.7
75428,3538,3371,2680,567,18,56,6,3,41,167,88,4,3,0,0,67,5,8600000US75428,18873.0,1644.0,3538,2768,571,21,56,6,70,1,34,34.0,3.5,2,21,10.5,4.25,5,26,5.2,3.0
08203,5473,5162,4707,161,8,215,2,7,62,311,122,14,3,2,0,152,18,8600000US08203,41869.0,2751.0,5473,4829,175,11,217,2,159,4,90,22.5,3.12,2,88,44.0,4.0,0,0,0.0,0.0
98106,8500,7846,4862,924,127,1435,103,26,369,654,148,24,17,5,0,404,56,8600000US98106,31374.0,1793.0,8500,5010,948,144,1440,103,430,2,230,115.0,4.25,13,639,49.15,3.65,10,446,44.6,2.65
28711,5080,5047,4769,196,15,22,1,2,42,33,19,0,0,0,0,13,1,8600000US28711,25380.0,1898.0,5080,4788,196,15,22,1,15,0,0,0.0,0.0,1,4,4.0,2.0,1,4,4.0,2.0
29418,8796,8555,5044,3136,31,207,7,6,124,241,102,22,3,2,2,90,20,8600000US29418,23308.0,1966.0,8796,5146,3158,34,209,9,96,2,15,7.5,3.25,5,53,10.6,4.6,3,18,6.0,1.83
48451,4528,4506,4440,6,14,12,2,1,31,22,14,0,0,0,0,7,1,8600000US48451,33754.0,1658.0,4528,4454,6,14,12,2,8,0,0,0.0,0.0,1,1,1.0,2.0,0,0,0.0,0.0
33592,3707,3542,3064,394,21,7,3,6,47,165,102,3,2,2,0,47,9,8600000US33592,22367.0,2366.0,3707,3166,397,23,9,3,53,0,0,0.0,0.0,0,0,0.0,0.0,0,0,0.0,0.0
30152,8902,8576,7787,519,24,165,0,6,75,326,153,6,2,1,1,123,40,8600000US30152,37929.0,2356.0,8902,7940,525,26,166,1,129,1,34,34.0,2.5,8,519,64.88,4.0,8,152,19.0,2.75
05482,2652,2633,2601,2,3,19,0,1,7,19,14,0,0,0,0,4,1,8600000US05482,55568.0,6361.0,2652,2615,2,3,19,0,5,1,39,39.0,3.5,0,0,0.0,0.0,1,40,40.0,4.5
70435,3727,3692,3374,290,9,2,0,4,13,35,29,0,1,0,0,5,0,8600000US70435,32194.0,2398.0,3727,3403,290,10,2,0,9,0,0,0.0,0.0,0,0,0.0,0.0,0,0,0.0,0.0
01027,7411,7311,7148,31,12,64,0,12,44,100,38,6,1,0,0,50,5,8600000US01027,34386.0,2680.0,7411,7186,37,13,64,0,62,3,56,18.67,3.33,1,11,11.0,3.5,2,8,4.0,2.25
23692,6414,6343,5801,355,24,112,5,2,44,71,47,1,0,0,0,20,3,8600000US23692,38117.0,2211.0,6414,5848,356,24,112,5,22,1,14,14.0,2.5,2,123,61.5,4.0,0,0,0.0,0.0
32344,3740,3701,2358,1295,10,7,1,0,30,39,19,7,0,1,0,7,5,8600000US32344,21713.0,1618.0,3740,2377,1302,10,8,1,7,0,0,0.0,0.0,0,0,0.0,0.0,0,0,0.0,0.0
47394,3579,3555,3526,0,7,9,0,0,13,24,17,0,0,1,0,4,2,8600000US47394,24922.0,3803.0,3579,3543,0,7,10,0,4,1,13,13.0,3.5,3,38,12.67,3.5,3,12,4.0,2.33
48316,7776,7710,7516,40,21,71,0,2,60,66,46,0,0,1,0,16,3,8600000US48316,38875.0,3158.0,7776,7562,40,21,72,0,18,4,95,23.75,2.88,2,139,69.5,2.5,13,162,12.46,2.85
35151,3216,3199,2799,372,14,0,0,1,13,17,14,0,0,0,0,3,0,8600000US35151,19787.0,2101.0,3216,2813,372,14,0,0,4,0,0,0.0,0.0,0,0,0.0,0.0,0,0,0.0,0.0
68949,2740,2696,2676,1,9,3,0,0,7,44,23,0,0,0,0,18,3,8600000US68949,29594.0,2957.0,2740,2699,1,9,3,0,18,1,7,7.0,2.5,4,29,7.25,3.38,4,18,4.5,2.75
30106,5739,5587,3696,1748,10,61,1,7,64,152,70,4,2,1,1,59,15,8600000US30106,23720.0,1785.0,5739,3766,1752,12,62,2,66,5,151,30.2,3.0,6,273,45.5,3.33,23,408,17.74,2.61
78840,13892,4374,3944,227,43,71,5,6,78,9518,7040,18,51,3,1,2134,271,8600000US78840,20152.0,1253.0,13892,10984,245,94,74,6,2140,0,0,0.0,0.0,0,0,0.0,0.0,0,0,0.0,0.0
89030,14019,6881,3188,3221,75,185,28,9,175,7138,3616,56,55,11,5,2964,431,8600000US89030,12967.0,584.0,14019,6804,3277,130,196,33,2973,4,98,24.5,3.25,41,1596,38.93,3.56,25,308,12.32,2.14
98390,15999,15612,14950,75,147,162,21,9,248,387,236,2,6,5,1,111,26,8600000US98390,33357.0,2884.0,15999,15186,77,153,167,22,120,1,50,50.0,3.5,1,75,75.0,3.0,3,43,14.33,2.17
30224,8121,8037,6321,1615,9,54,1,0,37,84,38,14,2,1,0,22,7,8600000US30224,26582.0,3128.0,8121,6359,1629,11,55,1,22,1,6,6.0,3.0,1,14,14.0,2.5,1,1,1.0,5.0
37617,5087,5057,5004,9,7,10,1,3,23,30,23,0,0,0,0,6,1,8600000US37617,28341.0,2544.0,5087,5027,9,7,10,1,9,0,0,0.0,0.0,0,0,0.0,0.0,1,5,5.0,2.0
23704,7448,7380,1946,5294,23,28,5,6,78,68,29,13,4,0,0,17,5,8600000US23704,21272.0,1323.0,7448,1975,5307,27,28,5,23,9,296,32.89,3.06,8,567,70.88,3.62,21,324,15.43,2.6
85226,14375,13088,11444,531,116,806,12,20,159,1287,657,9,21,9,2,514,75,8600000US85226,38109.0,1720.0,14375,12101,540,137,815,14,534,6,922,153.67,3.5,12,1207,100.58,3.33,8,149,18.62,2.25
72023,9036,8934,8766,21,35,29,3,2,78,102,72,0,3,1,0,20,6,8600000US72023,26049.0,897.0,9036,8838,21,38,30,3,22,1,11,11.0,3.5,2,50,25.0,4.0,10,55,5.5,2.1
01082,4113,4059,3980,20,8,17,0,2,32,54,27,1,2,0,0,21,3,8600000US01082,27830.0,2109.0,4113,4007,21,10,17,0,23,0,0,0.0,0.0,0,0,0.0,0.0,0,0,0.0,0.0
23451,19220,18767,16716,1531,54,214,13,22,217,453,245,17,8,5,5,137,36,8600000US23451,46647.0,2554.0,19220,16961,1548,62,219,18,159,10,250,25.0,3.6,10,427,42.7,3.3,18,302,16.78,2.89
01129,2756,2603,2185,359,8,23,0,3,25,153,64,9,1,0,0,65,14,8600000US01129,30597.0,2229.0,2756,2249,368,9,23,0,68,4,105,26.25,3.75,3,43,14.33,3.33,6,54,9.0,3.08
29730,16752,16537,10416,5654,277,90,2,6,92,215,89,12,5,0,1,93,15,8600000US29730,23919.0,1055.0,16752,10505,5666,282,90,3,99,4,49,12.25,2.88,6,208,34.67,3.42,17,137,8.06,2.29
07751,5276,5138,4363,101,6,639,1,2,26,138,102,6,1,1,0,23,5,8600000US07751,57947.0,5537.0,5276,4465,107,7,640,1,25,1,8,8.0,3.0,1,22,22.0,3.0,2,40,20.0,3.5
02476,7630,7527,6980,115,11,350,0,15,56,103,77,3,0,0,0,19,4,8600000US02476,56965.0,3287.0,7630,7057,118,11,350,0,34,9,716,79.56,3.33,4,751,187.75,3.75,0,0,0.0,0.0
80424,2998,2913,2842,5,9,14,0,2,41,85,53,0,2,0,0,27,3,8600000US80424,38006.0,4503.0,2998,2895,5,11,14,0,29,0,0,0.0,0.0,0,0,0.0,0.0,0,0,0.0,0.0
01527,4927,4901,4811,20,6,37,1,2,24,26,18,0,0,0,0,8,0,8600000US01527,37951.0,3958.0,4927,4829,20,6,37,1,10,3,149,49.67,3.5,1,53,53.0,2.5,3,57,19.0,2.5
95054,4274,3888,1891,118,15,1713,11,12,128,386,176,3,4,7,1,171,24,8600000US95054,54051.0,3672.0,4274,2067,121,19,1720,12,183,7,1157,165.29,2.93,15,3560,237.33,3.5,27,3717,137.67,2.87
28360,4373,4157,1071,373,2652,6,1,7,47,216,128,1,24,0,1,55,7,8600000US28360,18017.0,1038.0,4373,1199,374,2676,6,2,62,0,0,0.0,0.0,0,0,0.0,0.0,0,0,0.0,0.0
32210,22736,21904,15979,4993,83,534,12,20,283,832,397,57,9,6,2,297,64,8600000US32210,24221.0,1119.0,22736,16376,5050,92,540,14,317,9,213,23.67,3.17,4,146,36.5,3.25,19,211,11.11,2.92
46250,8408,8230,7396,549,14,190,6,8,67,178,88,1,3,1,0,76,9,8600000US46250,39680.0,2689.0,8408,7484,550,17,191,6,84,8,504,63.0,3.5,14,533,38.07,3.43,36,555,15.42,2.76
03857,3379,3336,3210,18,5,69,0,6,28,43,27,2,2,0,0,9,3,8600000US03857,37755.0,3384.0,3379,3237,20,7,69,0,15,1,24,24.0,3.5,2,70,35.0,4.25,0,0,0.0,0.0
24153,14104,14022,13266,597,17,77,2,5,58,82,58,4,1,0,0,16,3,8600000US24153,30698.0,1699.0,14104,13324,601,18,77,2,21,1,31,31.0,3.0,2,41,20.5,3.5,6,30,5.0,2.67
06489,11288,11111,10864,84,8,83,0,4,68,177,109,6,0,1,0,49,12,8600000US06489,41231.0,1533.0,11288,10973,90,8,84,0,53,3,56,18.67,3.17,5,325,65.0,3.0,12,139,11.58,2.79
91202,8763,7971,5944,103,10,1290,12,10,602,792,510,4,3,3,0,214,58,8600000US91202,36366.0,2497.0,8763,6454,107,13,1293,12,224,13,4662,358.62,3.19,28,7239,258.54,3.45,38,3084,81.16,2.87
77318,3786,3639,3531,44,28,10,0,2,24,147,90,1,2,0,0,43,11,8600000US77318,33766.0,4897.0,3786,3621,45,30,10,0,45,0,0,0.0,0.0,1,32,32.0,2.5,0,0,0.0,0.0
95762,7236,6954,6489,52,30,253,10,18,102,282,179,0,7,6,1,69,20,8600000US95762,53185.0,2610.0,7236,6668,52,37,259,11,87,2,773,386.5,3.25,4,372,93.0,3.5,10,391,39.1,2.75
04473,2691,2672,2546,17,17,59,1,5,27,19,11,1,0,0,0,6,1,8600000US04473,25040.0,2461.0,2691,2557,18,17,59,1,11,1,14,14.0,3.5,2,85,42.5,3.5,3,12,4.0,3.17
17362,4177,4155,4121,7,2,5,0,2,18,22,12,0,0,0,0,7,3,8600000US17362,31633.0,1902.0,4177,4133,7,2,5,0,9,0,0,0.0,0.0,1,3,3.0,4.5,0,0,0.0,0.0
15219,6761,6700,1433,5070,20,64,5,11,97,61,24,15,0,0,0,18,4,8600000US15219,17266.0,1471.0,6761,1457,5085,20,64,5,29,11,384,34.91,3.45,31,5113,164.94,3.73,38,623,16.39,3.07
48335,10489,10346,8212,727,19,1258,3,10,117,143,99,2,1,1,0,27,13,8600000US48335,43881.0,2074.0,10489,8311,729,20,1259,3,37,2,56,28.0,3.25,3,200,66.67,3.67,8,80,10.0,2.5
35803,9896,9727,8966,239,58,314,7,6,137,169,115,2,3,2,0,37,10,8600000US35803,38997.0,2424.0,9896,9081,241,61,316,7,43,2,36,18.0,3.5,7,143,20.43,3.79,14,128,9.14,3.0
48706,16575,16224,15915,80,57,65,2,3,102,351,218,2,8,0,0,94,29,8600000US48706,25821.0,947.0,16575,16133,82,65,65,2,97,0,0,0.0,0.0,0,0,0.0,0.0,0,0,0.0,0.0
15137,4903,4877,4355,469,4,18,0,4,27,26,15,2,0,1,0,4,4,8600000US15137,27693.0,3799.0,4903,4370,471,4,19,0,8,2,9,4.5,2.0,0,0,0.0,0.0,3,14,4.67,2.5
24416,3447,3426,3258,132,8,11,1,0,16,21,16,1,0,0,0,1,3,8600000US24416,21762.0,2179.0,3447,3274,133,8,11,1,1,1,13,13.0,4.0,1,10,10.0,4.5,1,10,10.0,3.5
45459,11917,11800,11147,276,13,283,1,5,75,117,81,6,1,1,0,21,7,8600000US45459,44834.0,1650.0,11917,11228,282,14,284,1,26,4,152,38.0,3.0,8,291,36.38,3.25,10,146,14.6,3.25
76051,15609,14322,13334,379,87,335,8,17,162,1287,717,10,7,3,1,500,49,8600000US76051,43011.0,2142.0,15609,14051,389,94,338,9,517,6,645,107.5,3.17,21,3961,188.62,3.38,19,556,29.26,2.95
97007,19770,18780,16499,272,93,1499,54,18,345,990,430,10,18,6,2,455,69,8600000US97007,34533.0,1292.0,19770,16929,282,111,1505,56,473,1,5,5.0,2.5,4,224,56.0,3.75,3,89,29.67,2.33
38668,4370,4343,3202,1102,8,4,4,0,23,27,16,4,1,1,0,4,1,8600000US38668,23719.0,2138.0,4370,3218,1106,9,5,4,4,0,0,0.0,0.0,0,0,0.0,0.0,0,0,0.0,0.0
29307,8355,8262,7019,1130,7,55,0,4,47,93,47,4,0,0,0,36,6,8600000US29307,26526.0,1555.0,8355,7066,1134,7,55,0,40,1,2,2.0,5.0,0,0,0.0,0.0,1,1,1.0,1.0
34984,3582,3359,3099,205,3,25,0,1,26,223,171,6,2,0,0,37,7,8600000US34984,26090.0,2541.0,3582,3270,211,5,25,0,38,4,88,22.0,3.12,3,81,27.0,3.33,11,118,10.73,2.14
44030,6398,6362,6216,60,11,23,2,0,50,36,25,0,0,0,0,7,4,8600000US44030,20395.0,768.0,6398,6241,60,11,23,2,7,1,4,4.0,2.0,0,0,0.0,0.0,4,19,4.75,2.25
51632,2577,2569,2520,11,5,16,1,0,16,8,6,0,0,0,0,1,1,8600000US51632,24136.0,2865.0,2577,2526,11,5,16,1,1,1,3,3.0,3.0,1,2,2.0,4.5,3,5,1.67,3.33
79924,18877,9924,7391,1777,73,381,37,13,252,8953,5803,75,73,17,4,2514,467,8600000US79924,17850.0,847.0,18877,13194,1852,146,398,41,2527,7,295,42.14,3.21,26,375,14.42,3.4,22,177,8.05,2.48
98056,10287,9858,8080,490,66,955,26,19,222,429,191,7,6,8,2,178,37,8600000US98056,43286.0,3036.0,10287,8271,497,72,963,28,197,9,776,86.22,3.33,19,1994,104.95,4.0,21,1650,78.57,2.74
41139,3620,3605,3575,4,5,7,0,0,14,15,8,0,1,0,0,6,0,8600000US41139,26268.0,2499.0,3620,3583,4,6,7,0,6,1,4,4.0,4.0,0,0,0.0,0.0,2,7,3.5,3.25
85501,5206,4000,3836,20,74,34,2,1,33,1206,656,1,15,2,0,493,39,8600000US85501,22720.0,1714.0,5206,4492,21,89,36,2,494,0,0,0.0,0.0,0,0,0.0,0.0,0,0,0.0,0.0
91706,17235,4825,2061,328,60,2211,19,13,133,12410,5282,28,198,23,9,6217,653,8600000US91706,17717.0,581.0,17235,7343,356,258,2234,28,6230,10,677,67.7,3.55,56,9028,161.21,6.59,32,1605,50.16,2.86
84084,12043,10917,10407,65,47,179,109,9,101,1126,505,5,8,3,0,536,69,8600000US84084,25515.0,1354.0,12043,10912,70,55,182,109,545,4,177,44.25,3.38,10,369,36.9,3.4,17,332,19.53,2.62
76092,6254,6092,5855,80,19,99,0,4,35,162,117,0,0,1,0,34,10,8600000US76092,79825.0,4884.0,6254,5972,80,19,100,0,38,3,323,107.67,2.83,11,1208,109.82,3.45,16,412,25.75,2.62
77625,2826,2789,2505,249,7,4,0,1,23,37,19,2,0,0,0,14,2,8600000US77625,34005.0,7473.0,2826,2524,251,7,4,0,15,0,0,0.0,0.0,0,0,0.0,0.0,0,0,0.0,0.0
55103,5098,4796,2619,1158,57,777,2,13,170,302,124,11,4,1,0,133,29,8600000US55103,18096.0,1276.0,5098,2743,1169,61,778,2,146,5,360,72.0,3.2,8,521,65.12,3.38,14,191,13.64,2.5
90712,10685,9051,6983,830,40,906,37,21,234,1634,802,11,19,13,4,687,98,8600000US90712,32656.0,1253.0,10685,7785,841,59,919,41,708,10,1053,105.3,3.3,44,5695,129.43,3.43,52,6494,124.88,5.06
75494,4041,3870,3730,88,10,11,1,0,30,171,84,1,4,0,0,78,4,8600000US75494,21684.0,2265.0,4041,3814,89,14,11,1,78,0,0,0.0,0.0,2,6,3.0,3.75,2,2,1.0,3.5
77591,4000,3683,1400,2200,10,41,0,1,31,317,147,8,2,2,0,136,22,8600000US77591,26635.0,3452.0,4000,1547,2208,12,43,0,137,3,87,29.0,3.17,6,164,27.33,3.58,9,96,10.67,2.39
84341,5086,4932,4640,28,20,197,13,2,32,154,74,0,0,0,0,68,12,8600000US84341,23014.0,1459.0,5086,4714,28,20,197,13,70,6,216,36.0,3.08,14,477,34.07,3.46,17,235,13.82,2.56
29576,7385,7343,7067,204,10,17,3,0,42,42,26,2,1,2,0,8,3,8600000US29576,33321.0,1966.0,7385,7093,206,11,19,3,8,3,26,8.67,3.67,3,121,40.33,3.83,9,56,6.22,3.61
49461,3274,3248,3186,12,25,6,0,1,18,26,16,0,0,0,0,8,2,8600000US49461,27533.0,2033.0,3274,3202,12,25,6,0,9,1,20,20.0,2.5,3,54,18.0,3.17,3,12,4.0,2.67
44301,6972,6922,5687,1095,13,61,1,3,62,50,29,6,0,1,0,10,4,8600000US44301,21662.0,1590.0,6972,5716,1101,13,62,1,13,5,63,12.6,3.1,7,128,18.29,3.79,22,115,5.23,2.48
19454,9530,9428,8152,519,9,680,2,7,59,102,73,4,0,0,0,23,2,8600000US19454,46636.0,2730.0,9530,8225,523,9,680,2,30,2,78,39.0,3.75,4,108,27.0,3.38,13,195,15.0,3.0
78219,5032,3525,1848,1524,17,90,3,2,41,1507,851,16,12,5,1,540,82,8600000US78219,16793.0,1325.0,5032,2699,1540,29,95,4,542,0,0,0.0,0.0,19,249,13.11,4.26,7,45,6.43,1.93
45344,6663,6575,6468,14,15,18,1,0,59,88,41,1,3,0,0,35,8,8600000US45344,24327.0,1848.0,6663,6509,15,18,18,1,35,1,7,7.0,3.5,2,2,1.0,4.0,2,5,2.5,2.75
60561,8961,8744,7728,161,5,794,1,5,50,217,150,3,0,2,0,53,9,8600000US60561,45628.0,2274.0,8961,7878,164,5,796,1,58,7,588,84.0,3.36,10,887,88.7,3.35,16,363,22.69,2.44
95476,14129,12626,12163,32,55,137,14,17,208,1503,877,1,22,1,2,504,96,8600000US95476,48634.0,6300.0,14129,13040,33,77,138,16,521,0,0,0.0,0.0,0,0,0.0,0.0,0,0,0.0,0.0
48390,7929,7854,7594,53,11,131,1,6,58,75,51,0,0,2,0,17,5,8600000US48390,37929.0,1593.0,7929,7645,53,11,133,1,23,5,262,52.4,3.6,4,175,43.75,3.0,6,89,14.83,2.08
72956,10899,10577,9914,116,182,149,0,4,212,322,127,1,7,3,0,158,26,8600000US72956,22325.0,1208.0,10899,10041,117,189,152,0,162,1,3,3.0,1.5,8,59,7.38,3.19,15,50,3.33,2.83
08318,4181,4114,3806,243,16,15,1,4,29,67,30,5,1,0,0,25,6,8600000US08318,35730.0,2152.0,4181,3836,248,17,15,1,29,0,0,0.0,0.0,0,0,0.0,0.0,0,0,0.0,0.0
02120,4041,3180,1417,1292,23,287,2,27,132,861,241,87,7,2,2,417,105,8600000US02120,18566.0,2064.0,4041,1658,1379,30,289,4,444,34,3161,92.97,3.21,38,8318,218.89,3.47,45,3724,82.76,2.96
19518,3915,3893,3776,73,6,15,0,0,23,22,8,0,0,0,0,13,1,8600000US19518,35696.0,2066.0,3915,3784,73,6,15,0,13,2,44,22.0,4.25,0,0,0.0,0.0,2,10,5.0,1.5
32818,11954,10529,5099,4624,35,342,7,67,355,1425,769,100,7,7,0,441,101,8600000US32818,17759.0,942.0,11954,5868,4724,42,349,7,508,5,28,5.6,2.7,4,157,39.25,2.75,22,150,6.82,2.8
78380,6986,1975,1842,79,18,8,2,1,25,5011,3302,1,18,0,2,1477,211,8600000US78380,21099.0,2474.0,6986,5144,80,36,8,4,1478,0,0,0.0,0.0,0,0,0.0,0.0,0,0,0.0,0.0
38012,5737,5625,2674,2911,5,5,0,1,29,112,33,11,2,0,1,59,6,8600000US38012,21865.0,2941.0,5737,2707,2922,7,5,1,60,0,0,0.0,0.0,1,9,9.0,4.0,2,6,3.0,2.25
22546,3633,3601,2412,1125,13,10,0,1,40,32,15,5,0,0,0,11,1,8600000US22546,28638.0,1889.0,3633,2427,1130,13,10,0,12,0,0,0.0,0.0,1,15,15.0,2.0,3,50,16.67,2.17
77429,14090,13140,12221,430,29,313,5,12,130,950,576,11,7,3,1,316,36,8600000US77429,41786.0,2421.0,14090,12797,441,36,316,6,328,1,99,99.0,4.0,1,22,22.0,4.0,4,28,7.0,2.12
45226,3249,3223,3042,118,2,32,0,1,28,26,17,2,0,0,0,6,1,8600000US45226,60985.0,8857.0,3249,3059,120,2,32,0,7,0,0,0.0,0.0,2,81,40.5,3.75,1,4,4.0,2.0
70127,11754,11563,1769,9538,16,90,0,24,126,191,67,69,1,0,0,35,19,8600000US70127,16715.0,1022.0,11754,1836,9607,17,90,0,59,3,25,8.33,3.5,4,78,19.5,3.62,14,84,6.0,2.18
37701,2737,2708,2213,458,7,7,1,0,22,29,20,1,0,0,0,5,3,8600000US37701,23304.0,2747.0,2737,2233,459,7,7,1,5,3,57,19.0,3.0,4,103,25.75,3.38,13,94,7.23,2.69
76548,6293,5643,4420,871,49,176,16,7,104,650,279,13,7,3,0,311,37,8600000US76548,31033.0,4921.0,6293,4699,884,56,179,16,318,3,214,71.33,2.67,4,161,40.25,3.12,16,315,19.69,2.88
29455,5353,5180,3587,1513,18,19,3,4,36,173,84,6,0,0,0,78,5,8600000US29455,46292.0,3081.0,5353,3671,1519,18,19,3,82,0,0,0.0,0.0,0,0,0.0,0.0,0,0,0.0,0.0
49038,4037,3983,3876,46,24,12,0,1,24,54,29,1,1,1,0,18,4,8600000US49038,27674.0,2403.0,4037,3905,47,25,13,0,19,0,0,0.0,0.0,1,38,38.0,4.0,2,23,11.5,2.5
80233,13022,11117,10471,153,66,265,9,17,136,1905,974,8,46,2,0,769,106,8600000US80233,28492.0,1234.0,13022,11445,161,112,267,9,786,10,670,67.0,3.25,24,1171,48.79,3.12,33,827,25.06,2.38
91436,5124,4998,4641,70,8,163,1,8,107,126,100,0,1,0,0,17,8,8600000US91436,89841.0,8311.0,5124,4741,70,9,163,1,25,7,1570,224.29,3.71,31,2554,82.39,4.05,18,1913,106.28,3.36
90003,14461,6984,128,6658,18,45,5,26,104,7477,2009,78,82,10,12,4831,455,8600000US90003,11305.0,463.0,14461,2137,6736,100,55,17,4857,12,173,14.42,3.75,79,3682,46.61,4.89,52,2154,41.42,4.56
84414,6099,5947,5834,23,15,40,4,3,28,152,66,0,1,1,0,74,10,8600000US84414,28456.0,1161.0,6099,5900,23,16,41,4,77,2,70,35.0,3.0,3,105,35.0,3.0,3,11,3.67,1.83
08062,3514,3476,3322,126,4,9,0,1,14,38,23,2,2,0,0,9,2,8600000US08062,49709.0,2476.0,3514,3345,128,6,9,0,10,1,42,42.0,4.0,0,0,0.0,0.0,1,4,4.0,1.5
37650,5353,5280,5232,2,11,2,1,0,32,73,38,0,1,0,0,30,4,8600000US37650,20088.0,1766.0,5353,5270,2,12,2,1,30,0,0,0.0,0.0,0,0,0.0,0.0,0,0,0.0,0.0
