zip_code,total,non_hispanic_tot,Not Hispanic or Latino householder: - Householder who is White alone,Not Hispanic or Latino householder: - Householder who is Black or African American alone,Not Hispanic or Latino householder: - Householder who is American Indian and Alaska Native alone,Not Hispanic or Latino householder: - Householder who is Asian alone,Not Hispanic or Latino householder: - Householder who is Native Hawaiian and Other Pacific Islander alone,Not Hispanic or Latino householder: - Householder who is Some other race alone,Not Hispanic or Latino householder: - Householder who is Two or more races,hispanic_tot,Hispanic or Latino householder: - Householder who is White alone,Hispanic or Latino householder: - Householder who is Black or African American alone,Hispanic or Latino householder: - Householder who is American Indian and Alaska Native alone,Hispanic or Latino householder: - Householder who is Asian alone,Hispanic or Latino householder: - Householder who is Native Hawaiian and Other Pacific Islander alone,Hispanic or Latino householder: - Householder who is Some other race alone,Hispanic or Latino householder: - Householder who is Two or more races,Id_zip,per_capita_income_2017_estimate,per_capita_income_2017_margin,white_tot,black_tot,indian_tot,asian_tot,native_tot,other_tot,mixed_tot
77354,5325,4988,4772,135,26,6,0,5,44,337,187,1,4,0,0,125,20,8600000US77354,39144.0,3923.0,5325,4959,136,30,6,0,130
30066,17830,17366,15422,1198,36,519,8,16,167,464,282,12,6,3,2,127,32,8600000US30066,42876.0,2231.0,17830,15704,1210,42,522,10,143
84403,12249,11067,10506,145,62,200,26,3,125,1182,475,6,12,5,2,618,64,8600000US84403,28227.0,1775.0,12249,10981,151,74,205,28,621
03062,9992,9801,9082,153,14,449,0,16,87,191,109,10,4,1,0,53,14,8600000US03062,43440.0,1761.0,9992,9191,163,18,450,0,69
77027,8462,7815,7147,223,18,280,3,16,128,647,449,4,2,1,0,166,25,8600000US77027,89183.0,8128.0,8462,7596,227,20,281,3,182
55119,15161,14736,12774,1119,87,513,8,16,219,425,188,19,7,0,0,170,41,8600000US55119,26442.0,923.0,15161,12962,1138,94,513,8,186
81301,12708,11773,11273,21,259,46,4,29,141,935,461,5,34,0,0,383,52,8600000US81301,37845.0,2277.0,12708,11734,26,293,46,4,412
33187,4137,1713,1292,266,8,80,2,7,58,2424,2130,27,3,1,1,173,89,8600000US33187,25319.0,2085.0,4137,3422,293,11,81,3,180
60714,12324,11926,10592,35,3,1134,1,4,157,398,243,2,4,5,0,123,21,8600000US60714,29595.0,1760.0,12324,10835,37,7,1139,1,127
72904,7599,6898,4753,1362,83,512,2,6,180,701,214,7,6,5,2,400,67,8600000US72904,13544.0,834.0,7599,4967,1369,89,517,4,406
07310,3237,2960,1274,303,1,1295,2,17,68,277,133,12,2,1,1,115,13,8600000US07310,75204.0,6768.0,3237,1407,315,3,1296,3,132
34748,14035,13780,11653,1933,27,84,1,4,78,255,155,15,2,3,0,62,18,8600000US34748,25410.0,1252.0,14035,11808,1948,29,87,1,66
60187,21537,20989,19471,487,20,868,3,9,131,548,383,8,2,1,0,139,15,8600000US60187,43301.0,2144.0,21537,19854,495,22,869,3,148
38558,4377,4358,4320,12,3,5,0,0,18,19,11,0,0,0,1,5,2,8600000US38558,31945.0,2122.0,4377,4331,12,3,5,1,5
48035,13847,13665,12367,865,35,223,3,6,166,182,119,6,8,2,0,35,12,8600000US48035,24338.0,958.0,13847,12486,871,43,225,3,41
89703,4098,3951,3730,13,122,41,4,3,38,147,101,0,2,1,0,32,11,8600000US89703,41181.0,3272.0,4098,3831,13,124,42,4,35
07821,3068,2993,2910,27,6,25,0,1,24,75,56,1,1,0,0,12,5,8600000US07821,47044.0,3342.0,3068,2966,28,7,25,0,13
94580,9029,7430,5412,469,43,1182,40,17,267,1599,725,8,29,10,5,695,127,8600000US94580,30605.0,1375.0,9029,6137,477,72,1192,45,712
60525,12719,12175,11596,381,8,125,0,5,60,544,355,3,6,0,0,166,14,8600000US60525,46090.0,2222.0,12719,11951,384,14,125,0,171
21811,8183,8102,7087,915,11,42,1,3,43,81,59,7,0,0,0,11,4,8600000US21811,37333.0,2058.0,8183,7146,922,11,42,1,14
60422,3300,3248,2306,783,1,123,0,1,34,52,30,7,2,0,0,12,1,8600000US60422,50136.0,6203.0,3300,2336,790,3,123,0,13
55976,2561,2541,2510,10,4,3,0,0,14,20,15,0,1,0,0,4,0,8600000US55976,29215.0,2262.0,2561,2525,10,5,3,0,4
32208,12574,12476,3582,8742,33,23,2,5,89,98,42,32,1,1,0,13,9,8600000US32208,19704.0,1925.0,12574,3624,8774,34,24,2,18
12118,4892,4853,4776,23,5,19,2,1,27,39,29,0,0,0,0,10,0,8600000US12118,38019.0,2686.0,4892,4805,23,5,19,2,11
78209,18130,14627,13522,720,46,163,2,15,159,3503,2547,18,47,8,1,748,134,8600000US78209,55268.0,3980.0,18130,16069,738,93,171,3,763
33477,6325,6244,6188,8,3,21,0,2,22,81,72,1,0,1,0,4,3,8600000US33477,68812.0,5459.0,6325,6260,9,3,22,0,6
48208,5133,5058,402,4547,15,8,0,2,84,75,20,15,3,0,0,27,10,8600000US48208,19226.0,2671.0,5133,422,4562,18,8,0,29
70114,10358,9979,2673,7072,28,102,3,11,90,379,171,30,3,0,0,136,39,8600000US70114,20211.0,1127.0,10358,2844,7102,31,102,3,147
11766,2850,2768,2679,29,3,38,1,1,17,82,59,2,0,0,0,15,6,8600000US11766,46739.0,4014.0,2850,2738,31,3,38,1,16
46540,3172,3154,3101,7,8,14,1,0,23,18,8,0,0,1,0,6,3,8600000US46540,26500.0,1859.0,3172,3109,7,8,15,1,6
77076,8510,3412,2558,742,19,43,1,2,47,5098,2912,27,38,3,2,1854,262,8600000US77076,12474.0,763.0,8510,5470,769,57,46,3,1856
95135,5841,5390,3680,140,13,1463,7,6,81,451,247,4,5,8,0,168,19,8600000US95135,52101.0,3085.0,5841,3927,144,18,1471,7,174
11949,4216,4102,4009,43,6,21,2,4,17,114,86,3,0,1,0,19,5,8600000US11949,40446.0,3288.0,4216,4095,46,6,22,2,23
28723,2817,2773,2642,61,25,15,0,0,30,44,26,0,0,0,0,17,1,8600000US28723,15416.0,1533.0,2817,2668,61,25,15,0,17
15317,12357,12298,11840,319,6,79,1,6,47,59,48,0,0,2,1,6,2,8600000US15317,42834.0,1943.0,12357,11888,319,6,81,2,12
55102,8572,8228,7161,695,82,156,3,11,120,344,136,8,10,0,0,159,31,8600000US55102,37538.0,1752.0,8572,7297,703,92,156,3,170
69361,7203,6149,5934,13,113,48,1,2,38,1054,481,1,20,1,0,516,35,8600000US69361,25511.0,1928.0,7203,6415,14,133,49,1,518
98577,2612,2543,2372,4,40,70,3,2,52,69,41,0,3,1,0,22,2,8600000US98577,21632.0,1947.0,2612,2413,4,43,71,3,24
23223,16951,16809,2790,13761,44,52,3,16,143,142,35,55,0,1,0,35,16,8600000US23223,24850.0,2228.0,16951,2825,13816,44,53,3,51
53223,12422,12190,8098,3662,35,227,4,19,145,232,115,18,3,4,0,78,14,8600000US53223,24296.0,1203.0,12422,8213,3680,38,231,4,97
51632,2577,2569,2520,11,5,16,1,0,16,8,6,0,0,0,0,1,1,8600000US51632,24136.0,2865.0,2577,2526,11,5,16,1,1
15853,3011,3002,2970,5,1,12,0,2,12,9,9,0,0,0,0,0,0,8600000US15853,26210.0,2010.0,3011,2979,5,1,12,0,2
98383,7153,6917,5946,230,48,480,42,15,156,236,125,3,0,3,4,76,25,8600000US98383,37153.0,2121.0,7153,6071,233,48,483,46,91
64080,3605,3573,3510,13,18,7,0,0,25,32,20,1,1,0,0,6,4,8600000US64080,31444.0,2378.0,3605,3530,14,19,7,0,6
06905,8321,7877,6735,402,3,623,0,10,104,444,284,13,2,3,0,126,16,8600000US06905,58593.0,4466.0,8321,7019,415,5,626,0,136
45241,9867,9761,9109,308,10,268,3,9,54,106,74,0,0,0,0,24,8,8600000US45241,43569.0,2085.0,9867,9183,308,10,268,3,33
85024,7397,6970,6619,117,33,114,3,4,80,427,255,3,0,5,1,144,19,8600000US85024,35695.0,2096.0,7397,6874,120,33,119,4,148
43326,5515,5481,5377,45,15,14,0,2,28,34,25,0,1,0,0,5,3,8600000US43326,21846.0,1534.0,5515,5402,45,16,14,0,7
72113,4804,4751,4278,386,26,25,0,2,34,53,33,1,0,0,0,14,5,8600000US72113,35010.0,2440.0,4804,4311,387,26,25,0,16
28037,5052,5005,4820,142,13,7,0,0,23,47,31,0,1,0,0,8,7,8600000US28037,40046.0,2448.0,5052,4851,142,14,7,0,8
02645,4068,4051,3878,20,3,8,1,95,46,17,10,0,1,0,0,1,5,8600000US02645,43233.0,5271.0,4068,3888,20,4,8,1,96
53566,6082,6039,5985,12,14,10,0,1,17,43,28,0,1,0,0,11,3,8600000US53566,28539.0,1120.0,6082,6013,12,15,10,0,12
72956,10899,10577,9914,116,182,149,0,4,212,322,127,1,7,3,0,158,26,8600000US72956,22325.0,1208.0,10899,10041,117,189,152,0,162
79714,4593,3148,2977,80,27,27,1,2,34,1445,763,3,13,1,0,598,67,8600000US79714,29903.0,3147.0,4593,3740,83,40,28,1,600
89410,7745,7351,7003,15,168,58,10,5,92,394,238,1,16,1,1,117,20,8600000US89410,31564.0,2186.0,7745,7241,16,184,59,11,122
45002,4177,4160,4117,12,3,5,2,0,21,17,13,0,0,0,0,3,1,8600000US45002,31881.0,2237.0,4177,4130,12,3,5,2,3
80110,18753,16802,15843,253,130,319,10,10,237,1951,1002,13,71,3,1,732,129,8600000US80110,28289.0,1841.0,18753,16845,266,201,322,11,742
06002,7901,7714,3914,3526,11,87,1,12,163,187,70,33,2,0,0,68,14,8600000US06002,41515.0,3048.0,7901,3984,3559,13,87,1,80
48390,7929,7854,7594,53,11,131,1,6,58,75,51,0,0,2,0,17,5,8600000US48390,37929.0,1593.0,7929,7645,53,11,133,1,23
46561,4098,4074,3989,28,5,30,0,2,20,24,14,0,0,0,0,8,2,8600000US46561,26617.0,1614.0,4098,4003,28,5,30,0,10
74948,4190,4128,3073,78,625,10,2,1,339,62,24,0,4,0,1,27,6,8600000US74948,19316.0,1203.0,4190,3097,78,629,10,3,28
72010,2536,2503,2386,70,14,5,1,0,27,33,21,0,1,1,0,9,1,8600000US72010,17743.0,2002.0,2536,2407,70,15,6,1,9
27601,3434,3314,520,2732,11,12,1,5,33,120,43,11,2,0,1,52,11,8600000US27601,25909.0,3337.0,3434,563,2743,13,12,2,57
79118,4466,4142,4021,27,39,7,0,1,47,324,123,0,8,0,0,183,10,8600000US79118,31158.0,1633.0,4466,4144,27,47,7,0,184
30525,3062,2972,2915,20,6,10,0,2,19,90,26,0,0,0,1,61,2,8600000US30525,27287.0,4934.0,3062,2941,20,6,10,1,63
31008,4882,4817,4271,496,6,9,0,3,32,65,35,2,0,0,0,23,5,8600000US31008,26353.0,1684.0,4882,4306,498,6,9,0,26
32082,11866,11620,11318,120,23,97,3,1,58,246,193,2,2,2,1,39,7,8600000US32082,66925.0,4270.0,11866,11511,122,25,99,4,40
04102,7830,7753,7359,122,27,157,0,7,81,77,43,5,1,3,0,20,5,8600000US04102,32202.0,2037.0,7830,7402,127,28,160,0,27
60108,8296,7992,7155,196,8,565,0,3,65,304,199,0,1,1,0,83,20,8600000US60108,39449.0,1954.0,8296,7354,196,9,566,0,86
10547,2828,2609,2405,100,2,69,0,6,27,219,121,1,2,0,0,80,15,8600000US10547,35977.0,2764.0,2828,2526,101,4,69,0,86
24504,3543,3520,1342,2128,9,7,1,4,29,23,7,4,0,0,0,7,5,8600000US24504,23340.0,2574.0,3543,1349,2132,9,7,1,11
18704,14284,14215,14003,78,14,65,1,5,49,69,47,3,0,0,0,15,4,8600000US18704,28259.0,1413.0,14284,14050,81,14,65,1,20
11581,7059,6707,6046,199,5,377,2,15,63,352,246,6,0,2,0,66,32,8600000US11581,43109.0,2551.0,7059,6292,205,5,379,2,81
73162,10126,9941,8609,599,191,346,2,6,188,185,106,3,3,0,2,56,15,8600000US73162,36099.0,1719.0,10126,8715,602,194,346,4,62
99218,4714,4643,4428,40,43,67,9,1,55,71,44,1,3,2,0,16,5,8600000US99218,24825.0,1897.0,4714,4472,41,46,69,9,17
20636,2932,2908,2673,198,6,17,1,1,12,24,14,1,0,0,0,8,1,8600000US20636,41815.0,3831.0,2932,2687,199,6,17,1,9
32952,8373,8133,7871,69,23,100,3,9,58,240,192,2,1,0,0,29,16,8600000US32952,40826.0,3846.0,8373,8063,71,24,100,3,38
01462,3536,3512,3438,21,7,25,1,1,19,24,16,2,0,0,0,5,1,8600000US01462,41737.0,3351.0,3536,3454,23,7,25,1,6
35967,6572,6214,5860,215,40,23,3,1,72,358,77,3,6,0,5,240,27,8600000US35967,19606.0,1580.0,6572,5937,218,46,23,8,241
96768,5328,4958,2417,23,11,1255,325,8,919,370,115,0,5,35,21,58,136,8600000US96768,31389.0,2053.0,5328,2532,23,16,1290,346,66
28754,2817,2797,2738,30,4,6,0,0,19,20,12,0,1,0,0,7,0,8600000US28754,23134.0,2591.0,2817,2750,30,5,6,0,7
60652,12865,11320,5893,5099,5,112,0,9,202,1545,599,22,21,2,3,833,65,8600000US60652,24302.0,1163.0,12865,6492,5121,26,114,3,842
78237,10191,659,233,384,19,8,2,2,11,9532,6358,18,112,8,4,2628,404,8600000US78237,13041.0,843.0,10191,6591,402,131,16,6,2630
29455,5353,5180,3587,1513,18,19,3,4,36,173,84,6,0,0,0,78,5,8600000US29455,46292.0,3081.0,5353,3671,1519,18,19,3,82
10579,2732,2622,2545,31,6,17,0,4,19,110,83,2,1,0,0,19,5,8600000US10579,46908.0,4217.0,2732,2628,33,7,17,0,23
60402,22225,16956,15972,193,30,420,1,26,314,5269,2434,30,43,10,2,2511,239,8600000US60402,23692.0,1053.0,22225,18406,223,73,430,3,2537
68508,4636,4358,3821,222,41,174,3,8,89,278,93,4,8,0,0,157,16,8600000US68508,11492.0,785.0,4636,3914,226,49,174,3,165
01879,3728,3700,3584,17,9,63,1,0,26,28,23,0,1,0,0,4,0,8600000US01879,43685.0,4018.0,3728,3607,17,10,63,1,4
48116,9382,9295,9118,19,39,56,1,3,59,87,51,1,1,0,1,21,12,8600000US48116,45152.0,2465.0,9382,9169,20,40,56,2,24
03031,3612,3591,3518,16,3,38,1,2,13,21,19,0,1,0,0,0,1,8600000US03031,54818.0,4062.0,3612,3537,16,4,38,1,2
90077,4182,4101,3740,59,2,201,0,6,93,81,64,1,0,0,1,14,1,8600000US90077,110727.0,15431.0,4182,3804,60,2,201,1,20
23185,14912,14729,12429,1890,29,241,5,14,121,183,116,8,1,0,0,49,9,8600000US23185,40583.0,2327.0,14912,12545,1898,30,241,5,63
50138,4597,4571,4482,45,10,13,1,1,19,26,15,0,1,0,0,8,2,8600000US50138,26265.0,1418.0,4597,4497,45,11,13,1,9
75211,18806,6922,4549,1967,99,158,1,11,137,11884,5082,41,66,9,5,6101,580,8600000US75211,14994.0,645.0,18806,9631,2008,165,167,6,6112
17557,4588,4471,4341,28,2,74,0,1,25,117,56,2,0,2,0,46,11,8600000US17557,25221.0,2258.0,4588,4397,30,2,76,0,47
19118,4316,4246,3383,708,8,92,0,4,51,70,42,2,0,0,0,18,8,8600000US19118,59429.0,5456.0,4316,3425,710,8,92,0,22
31064,2970,2933,2055,856,6,5,0,2,9,37,25,2,0,0,0,6,4,8600000US31064,19450.0,1855.0,2970,2080,858,6,5,0,8
33033,9193,4167,2473,1469,15,83,3,9,115,5026,3909,114,8,0,2,744,249,8600000US33033,16135.0,920.0,9193,6382,1583,23,83,5,753
91024,4746,4388,4005,47,12,222,4,14,84,358,235,0,4,0,0,94,25,8600000US91024,55040.0,4962.0,4746,4240,47,16,222,4,108
87109,17924,13520,11753,483,623,361,18,23,259,4404,2386,23,53,10,4,1658,270,8600000US87109,30231.0,1754.0,17924,14139,506,676,371,22,1681
48461,2557,2520,2493,2,2,2,1,0,20,37,19,0,3,0,0,13,2,8600000US48461,26996.0,2578.0,2557,2512,2,5,2,1,13
22801,10075,9397,8722,330,8,197,3,3,134,678,392,25,6,2,0,219,34,8600000US22801,23639.0,1637.0,10075,9114,355,14,199,3,222
98006,13046,12800,10300,219,30,2039,16,22,174,246,140,5,2,8,1,73,17,8600000US98006,61665.0,3310.0,13046,10440,224,32,2047,17,95
84737,3830,3753,3668,3,27,8,11,5,31,77,42,1,2,0,0,26,6,8600000US84737,21504.0,1867.0,3830,3710,4,29,8,11,31
14227,10388,10321,9966,182,13,109,3,3,45,67,45,1,1,0,0,16,4,8600000US14227,29886.0,1125.0,10388,10011,183,14,109,3,19
91724,8338,6095,4785,319,49,739,8,14,181,2243,1233,12,33,8,1,836,120,8600000US91724,31594.0,1412.0,8338,6018,331,82,747,9,850
44287,2507,2496,2465,8,4,4,1,1,13,11,7,1,1,0,0,1,1,8600000US44287,23678.0,1888.0,2507,2472,9,5,4,1,2
44023,4798,4773,4538,187,2,21,1,5,19,25,14,1,1,0,0,5,4,8600000US44023,54788.0,3843.0,4798,4552,188,3,21,1,10
06704,9884,8023,4876,2742,39,82,1,64,219,1861,692,101,15,3,5,938,107,8600000US06704,17962.0,1208.0,9884,5568,2843,54,85,6,1002
72076,14564,14238,11130,2643,69,178,10,10,198,326,169,12,7,0,1,109,28,8600000US72076,21303.0,1096.0,14564,11299,2655,76,178,11,119
55127,6293,6248,5976,42,14,182,0,3,31,45,24,2,4,0,0,13,2,8600000US55127,55416.0,5229.0,6293,6000,44,18,182,0,16
60016,23019,21519,17685,571,23,2850,1,16,373,1500,930,11,13,8,1,456,81,8600000US60016,31142.0,1097.0,23019,18615,582,36,2858,2,472
48198,15785,15489,10730,4198,81,175,3,29,273,296,154,17,6,1,0,92,26,8600000US48198,25292.0,977.0,15785,10884,4215,87,176,3,121
91737,7463,6298,4964,599,20,502,6,12,195,1165,628,5,12,11,2,429,78,8600000US91737,39872.0,2222.0,7463,5592,604,32,513,8,441
98023,16966,16226,12590,1180,112,1782,112,31,419,740,339,23,7,12,3,292,64,8600000US98023,33428.0,1394.0,16966,12929,1203,119,1794,115,323
84405,8664,8238,7893,117,38,98,16,4,72,426,196,6,13,4,1,176,30,8600000US84405,26496.0,1353.0,8664,8089,123,51,102,17,180
05156,3810,3796,3738,5,5,17,3,0,28,14,13,0,0,0,0,1,0,8600000US05156,25484.0,2495.0,3810,3751,5,5,17,3,1
10580,5887,5680,5264,74,2,295,1,9,35,207,142,1,3,3,0,48,10,8600000US10580,96920.0,5736.0,5887,5406,75,5,298,1,57
98366,11726,11380,10351,220,125,251,89,18,326,346,198,7,10,5,2,90,34,8600000US98366,29378.0,2145.0,11726,10549,227,135,256,91,108
93705,12175,8176,6196,1029,108,538,9,19,277,3999,1350,26,79,13,6,2303,222,8600000US93705,15644.0,895.0,12175,7546,1055,187,551,15,2322
55112,16844,16633,15519,364,80,494,7,15,154,211,107,4,2,3,0,75,20,8600000US55112,34757.0,1164.0,16844,15626,368,82,497,7,90
31032,3809,3792,2952,809,8,7,0,2,14,17,4,4,0,0,0,8,1,8600000US31032,28746.0,3518.0,3809,2956,813,8,7,0,10
84094,8316,8005,7695,37,24,157,24,3,65,311,170,3,4,1,1,116,16,8600000US84094,28776.0,1120.0,8316,7865,40,28,158,25,119
90803,17677,16211,14701,367,60,648,21,38,376,1466,843,6,31,16,2,455,113,8600000US90803,64467.0,3991.0,17677,15544,373,91,664,23,493
98102,12434,12030,10498,409,83,669,20,37,314,404,234,13,8,4,2,104,39,8600000US98102,71933.0,4498.0,12434,10732,422,91,673,22,141
05301,7154,7084,6854,45,19,64,2,9,91,70,47,3,0,0,0,11,9,8600000US05301,29748.0,1430.0,7154,6901,48,19,64,2,20
07452,3977,3896,3611,62,2,202,1,2,16,81,68,1,1,0,0,8,3,8600000US07452,69832.0,7832.0,3977,3679,63,3,202,1,10
19966,7629,7509,6355,895,159,39,0,10,51,120,49,9,3,1,0,51,7,8600000US19966,27689.0,1349.0,7629,6404,904,162,40,0,61
35020,12199,12086,3450,8516,26,13,1,4,76,113,33,36,4,1,0,32,7,8600000US35020,15722.0,1003.0,12199,3483,8552,30,14,1,36
80634,15545,13760,13320,75,52,149,12,12,140,1785,868,6,32,2,0,783,94,8600000US80634,32016.0,1534.0,15545,14188,81,84,151,12,795
60450,7356,7093,6998,16,13,27,0,1,38,263,160,0,1,0,0,83,19,8600000US60450,34369.0,2126.0,7356,7158,16,14,27,0,84
91765,14662,12430,5856,783,26,5419,18,18,310,2232,1272,9,24,19,1,781,126,8600000US91765,36864.0,1764.0,14662,7128,792,50,5438,19,799
75060,14876,10836,9170,775,103,608,10,9,161,4040,2027,12,21,6,3,1742,229,8600000US75060,19540.0,849.0,14876,11197,787,124,614,13,1751
85382,14581,13902,13301,252,48,181,5,5,110,679,392,6,5,3,1,228,44,8600000US85382,31582.0,1121.0,14581,13693,258,53,184,6,233
34110,7327,7149,7069,35,6,16,2,2,19,178,135,1,2,1,0,27,12,8600000US34110,54060.0,4528.0,7327,7204,36,8,17,2,29
34608,9677,9168,8855,200,12,51,0,5,45,509,392,13,2,1,0,76,25,8600000US34608,20794.0,974.0,9677,9247,213,14,52,0,81
28540,15860,15115,11146,3375,104,188,18,17,267,745,310,36,10,7,2,314,66,8600000US28540,22457.0,1036.0,15860,11456,3411,114,195,20,331
91303,7537,4310,3061,369,21,643,7,21,188,3227,1417,17,44,7,2,1556,184,8600000US91303,21929.0,1178.0,7537,4478,386,65,650,9,1577
21102,3201,3182,3118,33,8,4,0,6,13,19,14,0,0,0,0,3,2,8600000US21102,37151.0,2397.0,3201,3132,33,8,4,0,9
11950,4176,3785,3409,206,86,36,0,6,42,391,252,8,3,1,0,114,13,8600000US11950,24631.0,1833.0,4176,3661,214,89,37,0,120
32789,10336,9905,8575,1083,14,113,6,8,106,431,315,12,3,1,0,81,19,8600000US32789,57399.0,3582.0,10336,8890,1095,17,114,6,89
93546,3273,2858,2725,9,17,46,5,27,29,415,191,2,6,0,0,197,19,8600000US93546,31830.0,2904.0,3273,2916,11,23,46,5,224
30117,11634,11247,8668,2404,19,72,0,11,73,387,154,13,3,2,0,166,49,8600000US30117,22203.0,1493.0,11634,8822,2417,22,74,0,177
24014,10277,10176,9543,381,13,158,1,5,75,101,58,6,2,1,0,27,7,8600000US24014,33608.0,2429.0,10277,9601,387,15,159,1,32
99006,3303,3268,3164,2,36,4,4,7,51,35,24,0,1,0,0,10,0,8600000US99006,26884.0,1997.0,3303,3188,2,37,4,4,17
33009,17944,15234,12826,1967,29,130,4,17,261,2710,2179,54,5,2,0,333,137,8600000US33009,25175.0,1518.0,17944,15005,2021,34,132,4,350
02129,7350,6780,6251,190,7,257,3,9,63,570,201,63,12,1,1,245,47,8600000US02129,69219.0,4690.0,7350,6452,253,19,258,4,254
89147,14993,13559,10598,713,44,1749,41,15,399,1434,757,15,8,11,5,533,105,8600000US89147,27063.0,1632.0,14993,11355,728,52,1760,46,548
95616,24640,22665,17308,522,107,3909,35,70,714,1975,882,20,45,20,2,837,169,8600000US95616,30344.0,2099.0,24640,18190,542,152,3929,37,907
36105,5406,5372,888,4448,5,9,0,2,20,34,7,18,0,0,0,8,1,8600000US36105,19611.0,2027.0,5406,895,4466,5,9,0,10
43064,3655,3634,3549,53,1,10,0,1,20,21,11,0,0,0,0,10,0,8600000US43064,37455.0,2861.0,3655,3560,53,1,10,0,11
92284,8434,7821,7375,142,73,69,11,11,140,613,300,3,25,1,3,245,36,8600000US92284,23777.0,1513.0,8434,7675,145,98,70,14,256
46360,17786,17462,14407,2746,46,80,2,12,169,324,191,12,4,3,0,95,19,8600000US46360,23184.0,744.0,17786,14598,2758,50,83,2,107
36830,12181,11997,9557,1878,26,423,3,7,103,184,98,6,3,1,0,67,9,8600000US36830,32619.0,2156.0,12181,9655,1884,29,424,3,74
30168,7606,7132,2712,4252,12,59,1,4,92,474,162,15,3,0,0,262,32,8600000US30168,18712.0,1228.0,7606,2874,4267,15,59,1,266
29853,2629,2615,1546,1036,8,2,1,1,21,14,7,2,0,0,0,4,1,8600000US29853,19548.0,2623.0,2629,1553,1038,8,2,1,5
48313,12363,12218,11722,148,16,211,0,5,116,145,103,2,0,1,0,32,7,8600000US48313,30098.0,1408.0,12363,11825,150,16,212,0,37
47362,12067,11992,11748,150,22,19,1,1,51,75,50,0,0,0,0,18,7,8600000US47362,22080.0,1904.0,12067,11798,150,22,19,1,19
26062,9732,9672,9212,357,9,42,2,4,46,60,48,0,2,1,0,6,3,8600000US26062,26231.0,1692.0,9732,9260,357,11,43,2,10
41075,7067,7034,6897,44,8,42,0,7,36,33,24,0,0,0,0,6,3,8600000US41075,40357.0,2631.0,7067,6921,44,8,42,0,13
55302,2568,2556,2534,8,5,0,1,0,8,12,7,0,0,0,0,4,1,8600000US55302,31846.0,1967.0,2568,2541,8,5,0,1,4
60084,4875,4599,4506,17,5,48,2,4,17,276,130,1,2,0,1,133,9,8600000US60084,36703.0,2693.0,4875,4636,18,7,48,3,137
63645,4285,4267,4207,4,10,10,0,2,34,18,15,0,1,0,0,1,1,8600000US63645,20014.0,1213.0,4285,4222,4,11,10,0,3
28205,19254,17837,9869,7057,82,490,4,33,302,1417,554,39,12,4,1,724,83,8600000US28205,30248.0,1280.0,19254,10423,7096,94,494,5,757
62095,4422,4382,4306,29,6,14,1,4,22,40,29,0,2,0,0,7,2,8600000US62095,23673.0,1765.0,4422,4335,29,8,14,1,11
27909,12907,12790,7904,4633,35,87,3,13,115,117,54,14,1,1,0,40,7,8600000US27909,23724.0,1157.0,12907,7958,4647,36,88,3,53
85253,6818,6681,6433,57,13,126,5,5,42,137,111,1,2,0,0,17,6,8600000US85253,103210.0,8237.0,6818,6544,58,15,126,5,22
92618,2635,2490,1836,46,2,503,4,13,86,145,77,0,1,0,0,59,8,8600000US92618,52239.0,3856.0,2635,1913,46,3,503,4,72
92240,8126,5911,5201,361,55,124,3,5,162,2215,1128,19,38,6,2,868,154,8600000US92240,16028.0,928.0,8126,6329,380,93,130,5,873
10308,9439,9042,8784,24,3,181,2,4,44,397,320,0,4,3,1,58,11,8600000US10308,37435.0,2347.0,9439,9104,24,7,184,3,62
63366,19761,19554,18873,391,41,104,4,6,135,207,124,0,7,1,1,60,14,8600000US63366,33677.0,1527.0,19761,18997,391,48,105,5,66
70346,3687,3637,1446,2168,5,5,0,2,11,50,25,6,2,0,0,15,2,8600000US70346,19197.0,1763.0,3687,1471,2174,7,5,0,17
77705,10372,9951,4001,5669,23,163,2,9,84,421,202,24,3,1,0,172,19,8600000US77705,16477.0,1150.0,10372,4203,5693,26,164,2,181
53083,7550,7454,7294,14,20,95,1,1,29,96,49,1,1,0,0,42,3,8600000US53083,31984.0,1880.0,7550,7343,15,21,95,1,43
20602,7507,7341,4934,2139,53,97,7,6,105,166,103,11,1,0,1,40,10,8600000US20602,33458.0,1794.0,7507,5037,2150,54,97,8,46
60712,4485,4346,3569,14,3,685,0,3,72,139,99,1,0,1,0,30,8,8600000US60712,39571.0,3347.0,4485,3668,15,3,686,0,33
20817,13171,12604,10955,326,11,1133,1,25,153,567,435,8,4,4,0,84,32,8600000US20817,91919.0,3691.0,13171,11390,334,15,1137,1,109
11206,22301,10722,1604,7720,43,890,2,117,346,11579,3981,724,122,10,14,5815,913,8600000US11206,21148.0,1040.0,22301,5585,8444,165,900,16,5932
44646,17923,17781,16298,1233,42,78,1,7,122,142,114,4,1,0,0,18,5,8600000US44646,29242.0,1022.0,17923,16412,1237,43,78,1,25
33843,3695,3205,2926,206,13,5,0,1,54,490,128,5,7,1,1,321,27,8600000US33843,15544.0,1564.0,3695,3054,211,20,6,1,322
93215,8940,2923,1124,175,38,1408,3,18,157,6017,1664,23,69,63,4,3925,269,8600000US93215,12566.0,663.0,8940,2788,198,107,1471,7,3943
06355,4938,4877,4640,65,26,95,1,0,50,61,41,2,1,0,0,12,5,8600000US06355,52048.0,3025.0,4938,4681,67,27,95,1,12
64127,7643,6862,1743,4857,42,75,3,10,132,781,254,24,10,1,1,445,46,8600000US64127,15860.0,1889.0,7643,1997,4881,52,76,4,455
32606,7396,7021,6232,404,14,297,0,4,70,375,271,4,0,3,0,75,22,8600000US32606,31921.0,1766.0,7396,6503,408,14,300,0,79
54162,2637,2626,2597,3,17,5,0,0,4,11,9,0,0,1,0,1,0,8600000US54162,28511.0,1461.0,2637,2606,3,17,6,0,1
54650,7832,7790,7615,26,22,97,0,2,28,42,26,1,2,1,0,9,3,8600000US54650,36278.0,2644.0,7832,7641,27,24,98,0,11
92127,6936,6505,5356,178,22,775,14,10,150,431,239,4,4,3,0,146,35,8600000US92127,54485.0,3235.0,6936,5595,182,26,778,14,156
75672,6633,6486,5124,1288,19,20,0,0,35,147,60,5,2,0,0,70,10,8600000US75672,25985.0,1864.0,6633,5184,1293,21,20,0,70
85344,4021,3253,2470,38,658,23,0,3,61,768,334,0,67,1,1,339,26,8600000US85344,19931.0,2212.0,4021,2804,38,725,24,1,342
79762,14461,11564,10763,466,86,142,1,0,106,2897,1628,7,19,3,3,1070,167,8600000US79762,31697.0,2541.0,14461,12391,473,105,145,4,1070
06712,3008,2972,2902,38,1,14,0,6,11,36,29,0,0,0,0,6,1,8600000US06712,41285.0,2960.0,3008,2931,38,1,14,0,12
76119,12593,10659,3033,7427,29,73,3,5,89,1934,819,39,13,1,0,956,106,8600000US76119,14383.0,759.0,12593,3852,7466,42,74,3,961
30094,8964,8843,7530,1121,21,106,2,7,56,121,70,4,0,0,0,40,7,8600000US30094,27057.0,1418.0,8964,7600,1125,21,106,2,47
49712,3225,3208,3147,1,34,2,2,0,22,17,11,0,0,0,0,6,0,8600000US49712,30237.0,1626.0,3225,3158,1,34,2,2,6
98273,9053,7810,7340,53,74,170,7,19,147,1243,378,1,13,3,2,804,42,8600000US98273,25011.0,1461.0,9053,7718,54,87,173,9,823
16438,3093,3082,3059,2,3,8,0,0,10,11,8,0,1,0,0,1,1,8600000US16438,24364.0,1700.0,3093,3067,2,4,8,0,1
18015,10507,8329,7632,347,19,214,1,8,108,2178,862,44,12,3,2,1119,136,8600000US18015,26606.0,2133.0,10507,8494,391,31,217,3,1127
41472,3545,3535,3513,3,2,0,0,0,17,10,9,0,0,0,0,1,0,8600000US41472,16766.0,1499.0,3545,3522,3,2,0,0,1
72002,4840,4790,4557,140,36,16,0,0,41,50,24,1,1,0,0,21,3,8600000US72002,26249.0,1918.0,4840,4581,141,37,16,0,21
90230,12902,10352,6444,1976,32,1520,19,31,330,2550,1227,32,34,5,2,1063,187,8600000US90230,42370.0,2034.0,12902,7671,2008,66,1525,21,1094
02138,14182,13632,11385,729,27,1203,3,44,241,550,380,17,3,3,0,102,45,8600000US02138,53368.0,3346.0,14182,11765,746,30,1206,3,146
27501,4853,4524,3873,579,16,20,1,1,34,329,130,5,2,0,0,174,18,8600000US27501,23225.0,1388.0,4853,4003,584,18,20,1,175
38105,3671,3625,403,3085,1,95,0,2,39,46,20,15,0,1,0,7,3,8600000US38105,16697.0,2708.0,3671,423,3100,1,96,0,9
48381,4447,4413,4340,16,8,9,0,3,37,34,27,0,1,0,0,4,2,8600000US48381,39897.0,2474.0,4447,4367,16,9,9,0,7
29349,8868,8767,7827,821,17,59,0,0,43,101,47,1,0,1,0,46,6,8600000US29349,27997.0,1897.0,8868,7874,822,17,60,0,46
03275,4571,4545,4475,18,7,14,0,1,30,26,18,1,1,0,0,3,3,8600000US03275,34255.0,3718.0,4571,4493,19,8,14,0,4
98203,12231,11820,10771,232,128,454,17,8,210,411,244,6,6,3,3,114,35,8600000US98203,33078.0,1730.0,12231,11015,238,134,457,20,122
41129,3895,3888,3856,8,8,0,0,0,16,7,6,0,0,1,0,0,0,8600000US41129,24825.0,2828.0,3895,3862,8,8,1,0,0
57006,7951,7910,7642,33,56,134,3,5,37,41,23,0,2,1,1,12,2,8600000US57006,26174.0,1638.0,7951,7665,33,58,135,4,17
10803,4229,4028,3623,197,2,143,0,7,56,201,120,9,0,1,0,58,13,8600000US10803,77330.0,5615.0,4229,3743,206,2,144,0,65
28303,12969,12215,6934,4567,84,346,35,23,226,754,300,60,8,3,1,324,58,8600000US28303,27710.0,2239.0,12969,7234,4627,92,349,36,347
76310,5790,5497,5148,150,39,89,3,1,67,293,141,2,5,2,0,129,14,8600000US76310,34100.0,2605.0,5790,5289,152,44,91,3,130
75961,12469,11967,9637,2090,40,95,4,6,95,502,249,13,3,0,0,206,31,8600000US75961,22952.0,3951.0,12469,9886,2103,43,95,4,212
07631,9273,7839,3645,3508,12,435,3,20,216,1434,717,88,6,1,0,504,118,8600000US07631,48283.0,3768.0,9273,4362,3596,18,436,3,524
34431,2919,2841,2719,83,6,11,1,1,20,78,55,2,0,0,0,17,4,8600000US34431,20632.0,2586.0,2919,2774,85,6,11,1,18
02149,15435,14447,12510,771,37,324,5,179,621,988,476,34,5,3,0,361,109,8600000US02149,25570.0,1516.0,15435,12986,805,42,327,5,540
93927,3143,847,742,30,10,30,4,3,28,2296,794,3,29,3,1,1341,125,8600000US93927,15417.0,1055.0,3143,1536,33,39,33,5,1344
33026,11495,9563,8332,763,9,263,3,28,165,1932,1639,19,3,2,1,180,88,8600000US33026,34627.0,1740.0,11495,9971,782,12,265,4,208
75234,10259,7848,7132,277,50,272,3,3,111,2411,1431,4,8,2,0,860,106,8600000US75234,30497.0,1759.0,10259,8563,281,58,274,3,863
98250,3059,3009,2928,5,25,16,1,4,30,50,25,1,1,0,0,19,4,8600000US98250,42342.0,2535.0,3059,2953,6,26,16,1,23
02660,3342,3315,3233,36,8,4,0,11,23,27,21,0,2,0,0,3,1,8600000US02660,37433.0,4963.0,3342,3254,36,10,4,0,14
45039,5716,5662,5492,60,9,70,2,0,29,54,36,1,0,0,0,15,2,8600000US45039,39546.0,3432.0,5716,5528,61,9,70,2,15
76208,3798,3350,3086,174,21,24,2,1,42,448,195,1,2,0,1,230,19,8600000US76208,31601.0,1885.0,3798,3281,175,23,24,3,231
42141,11115,11035,10403,519,16,50,2,2,43,80,45,0,1,0,1,30,3,8600000US42141,20895.0,1005.0,11115,10448,519,17,50,3,32
11550,15999,12392,2648,9058,57,191,7,50,381,3607,1421,237,28,2,2,1583,334,8600000US11550,23540.0,985.0,15999,4069,9295,85,193,9,1633
80504,3001,2791,2710,7,8,32,2,0,32,210,107,0,4,1,1,89,8,8600000US80504,37051.0,1462.0,3001,2817,7,12,33,3,89
37209,13142,12723,9088,2936,48,407,7,16,221,419,200,11,4,3,1,182,18,8600000US37209,28637.0,1755.0,13142,9288,2947,52,410,8,198
60302,14896,14436,10369,3311,14,537,3,19,183,460,286,20,3,0,0,118,33,8600000US60302,55166.0,2462.0,14896,10655,3331,17,537,3,137
96766,3974,3793,941,9,7,2129,187,5,515,181,45,0,5,43,11,17,60,8600000US96766,29306.0,3690.0,3974,986,9,12,2172,198,22
18073,2535,2515,2483,12,1,7,0,0,12,20,13,1,0,0,0,6,0,8600000US18073,33577.0,4187.0,2535,2496,13,1,7,0,6
07747,10897,10444,8928,516,6,873,3,14,104,453,333,16,1,7,0,70,26,8600000US07747,45939.0,1702.0,10897,9261,532,7,880,3,84
85234,11819,10758,10091,253,48,233,12,7,114,1061,520,5,10,1,2,467,56,8600000US85234,32049.0,1315.0,11819,10611,258,58,234,14,474
07624,2963,2875,2324,25,4,497,0,1,24,88,68,0,0,1,0,13,6,8600000US07624,57003.0,8511.0,2963,2392,25,4,498,0,14
13903,7900,7781,7125,407,9,119,2,5,114,119,50,17,1,0,0,46,5,8600000US13903,29261.0,1784.0,7900,7175,424,10,119,2,51
18013,6443,6396,6337,15,6,13,0,1,24,47,36,0,0,0,0,8,3,8600000US18013,30003.0,1883.0,6443,6373,15,6,13,0,9
58078,5813,5754,5650,16,45,10,2,3,28,59,26,1,1,0,0,26,5,8600000US58078,37562.0,2238.0,5813,5676,17,46,10,2,29
33483,6673,6453,6090,215,12,37,4,3,92,220,167,4,1,1,0,28,19,8600000US33483,82772.0,9627.0,6673,6257,219,13,38,4,31
43203,4615,4568,433,3937,19,23,4,11,141,47,6,20,2,0,0,14,5,8600000US43203,17881.0,1824.0,4615,439,3957,21,23,4,25
30297,9723,8513,4188,3738,25,439,2,6,115,1210,557,46,15,3,0,527,62,8600000US30297,14903.0,1226.0,9723,4745,3784,40,442,2,533
88101,15601,11729,10092,1069,96,247,12,11,202,3872,1777,24,66,5,4,1810,186,8600000US88101,22718.0,1635.0,15601,11869,1093,162,252,16,1821
31907,20427,19779,8719,10511,53,235,24,22,215,648,268,85,3,6,1,225,60,8600000US31907,21087.0,1360.0,20427,8987,10596,56,241,25,247
94066,14494,11944,8322,297,34,2406,225,62,598,2550,1193,9,25,14,6,1068,235,8600000US94066,41559.0,1488.0,14494,9515,306,59,2420,231,1130
27607,7162,6943,5780,740,14,302,2,8,97,219,122,5,1,2,0,75,14,8600000US27607,32774.0,2032.0,7162,5902,745,15,304,2,83
77583,3204,2378,1678,517,12,121,0,4,46,826,404,5,6,1,0,374,36,8600000US77583,18620.0,1545.0,3204,2082,522,18,122,0,378
28117,7052,6995,6777,104,15,75,1,1,22,57,37,4,0,0,0,13,3,8600000US28117,48215.0,3058.0,7052,6814,108,15,75,1,14
35216,14082,13576,12116,970,21,348,6,8,107,506,286,5,5,0,1,184,25,8600000US35216,37675.0,2206.0,14082,12402,975,26,348,7,192
74344,5273,5219,4479,2,486,5,1,0,246,54,25,0,6,0,0,20,3,8600000US74344,26510.0,1835.0,5273,4504,2,492,5,1,20
78602,6279,5572,4805,633,36,36,1,3,58,707,426,6,3,0,0,242,30,8600000US78602,24889.0,2143.0,6279,5231,639,39,36,1,245
84121,15018,14663,14052,75,30,328,27,10,141,355,206,8,4,1,0,113,23,8600000US84121,44574.0,2305.0,15018,14258,83,34,329,27,123
78023,2727,2135,1999,55,11,33,5,1,31,592,435,0,4,1,0,132,20,8600000US78023,41784.0,2379.0,2727,2434,55,15,34,5,133
