zip_code,total,non_hispanic_tot,Not Hispanic or Latino householder: - Householder who is White alone,Not Hispanic or Latino householder: - Householder who is Black or African American alone,Not Hispanic or Latino householder: - Householder who is American Indian and Alaska Native alone,Not Hispanic or Latino householder: - Householder who is Asian alone,Not Hispanic or Latino householder: - Householder who is Native Hawaiian and Other Pacific Islander alone,Not Hispanic or Latino householder: - Householder who is Some other race alone,Not Hispanic or Latino householder: - Householder who is Two or more races,hispanic_tot,Hispanic or Latino householder: - Householder who is White alone,Hispanic or Latino householder: - Householder who is Black or African American alone,Hispanic or Latino householder: - Householder who is American Indian and Alaska Native alone,Hispanic or Latino householder: - Householder who is Asian alone,Hispanic or Latino householder: - Householder who is Native Hawaiian and Other Pacific Islander alone,Hispanic or Latino householder: - Householder who is Some other race alone,Hispanic or Latino householder: - Householder who is Two or more races,Id_zip,per_capita_income_2017_estimate,per_capita_income_2017_margin,white_tot,black_tot,indian_tot,asian_tot,native_tot,other_tot,mixed_tot,chinese_count,ch_tot_review_ct,ch_avg_review_ct,ch_avg_rating,mexican_count,mx_tot_review_ct,mx_avg_review_ct,mx_avg_rating,fastfood_count,ff_tot_review_ct,ff_avg_review_ct,ff_avg_rating
91606,14717,8083,5931,737,40,693,15,44,623,6634,2774,40,64,12,5,3250,489,8600000US91606,22619.0,1244.0,14717,8705,777,104,705,20,3294,20,2156,107.8,3.45,98,18524,189.02,3.97,52,9020,173.46,5.19
98116,10571,10276,9422,153,76,352,16,21,236,295,166,6,8,2,2,80,31,8600000US98116,60743.0,3890.0,10571,9588,159,84,354,18,101,4,659,164.75,3.38,13,2689,206.85,3.58,6,558,93.0,2.92
13035,2919,2890,2855,12,3,8,1,0,11,29,22,1,0,0,0,3,3,8600000US13035,38814.0,3486.0,2919,2877,13,3,8,1,3,0,0,0.0,0.0,0,0,0.0,0.0,0,0,0.0,0.0
78516,7193,1961,1910,7,6,5,0,2,31,5232,4446,2,6,1,1,671,105,8600000US78516,12323.0,1038.0,7193,6356,9,12,6,1,673,0,0,0.0,0.0,2,2,1.0,4.5,0,0,0.0,0.0
50125,6296,6263,6200,16,10,14,0,2,21,33,18,0,1,0,0,9,5,8600000US50125,31316.0,1651.0,6296,6218,16,11,14,0,11,0,0,0.0,0.0,0,0,0.0,0.0,0,0,0.0,0.0
60610,28638,27683,20463,5399,32,1350,20,29,390,955,615,55,10,5,0,216,54,8600000US60610,80153.0,4345.0,28638,21078,5454,42,1355,20,245,45,8295,184.33,3.34,115,75081,652.88,4.73,196,36892,188.22,3.71
44138,7303,7224,7051,80,2,56,0,1,34,79,47,1,0,1,1,24,5,8600000US44138,35954.0,2402.0,7303,7098,81,2,57,1,25,2,30,15.0,2.5,2,88,44.0,3.75,2,6,3.0,2.25
51503,13048,12856,12677,54,27,43,2,3,50,192,107,4,4,0,0,64,13,8600000US51503,32713.0,1275.0,13048,12784,58,31,43,2,67,0,0,0.0,0.0,0,0,0.0,0.0,0,0,0.0,0.0
29323,5157,5106,4472,553,14,36,1,1,29,51,31,2,1,1,0,14,2,8600000US29323,23231.0,2650.0,5157,4503,555,15,37,1,15,0,0,0.0,0.0,0,0,0.0,0.0,0,0,0.0,0.0
04605,4614,4598,4519,2,23,11,2,2,39,16,10,0,0,0,0,5,1,8600000US04605,29297.0,1697.0,4614,4529,2,23,11,2,7,0,0,0.0,0.0,0,0,0.0,0.0,0,0,0.0,0.0
77045,7462,5673,465,5095,14,63,1,4,31,1789,732,22,16,0,2,907,110,8600000US77045,18438.0,1333.0,7462,1197,5117,30,63,3,911,2,11,5.5,3.25,3,30,10.0,3.17,8,55,6.88,2.5
01851,10164,9286,6502,323,20,2174,1,33,233,878,437,49,4,3,3,318,64,8600000US01851,24920.0,1496.0,10164,6939,372,24,2177,4,351,17,1004,59.06,3.35,5,445,89.0,3.1,16,241,15.06,2.56
75442,2627,2438,2263,138,15,2,0,0,20,189,102,2,7,0,0,67,11,8600000US75442,28754.0,3032.0,2627,2365,140,22,2,0,67,0,0,0.0,0.0,0,0,0.0,0.0,0,0,0.0,0.0
14589,2924,2886,2734,119,10,6,0,1,16,38,22,1,1,0,0,11,3,8600000US14589,28357.0,3248.0,2924,2756,120,11,6,0,12,0,0,0.0,0.0,0,0,0.0,0.0,2,4,2.0,2.5
76082,5073,4881,4766,17,37,7,2,2,50,192,99,2,1,1,0,78,11,8600000US76082,25020.0,1567.0,5073,4865,19,38,8,2,80,2,8,4.0,2.0,4,55,13.75,4.12,3,21,7.0,2.67
30534,6408,6346,6237,14,25,12,2,0,56,62,35,0,0,0,0,25,2,8600000US30534,30000.0,2528.0,6408,6272,14,25,12,2,25,0,0,0.0,0.0,0,0,0.0,0.0,0,0,0.0,0.0
92314,3918,3619,3446,21,30,15,1,3,103,299,185,2,6,1,0,84,21,8600000US92314,26470.0,2361.0,3918,3631,23,36,16,1,87,0,0,0.0,0.0,3,206,68.67,4.0,0,0,0.0,0.0
43609,10439,9451,7981,1191,51,103,0,8,117,988,413,19,15,2,0,463,76,8600000US43609,14498.0,1117.0,10439,8394,1210,66,105,0,471,0,0,0.0,0.0,3,75,25.0,3.0,4,20,5.0,2.12
95212,2572,2279,1988,40,22,157,6,2,64,293,133,1,8,2,0,127,22,8600000US95212,24992.0,2357.0,2572,2121,41,30,159,6,129,0,0,0.0,0.0,3,148,49.33,4.0,0,0,0.0,0.0
08691,4274,4191,3920,114,3,125,0,6,23,83,61,1,0,0,0,15,6,8600000US08691,54319.0,4172.0,4274,3981,115,3,125,0,21,2,80,40.0,2.75,2,50,25.0,3.75,9,144,16.0,3.33
46016,8889,8704,6454,2093,40,17,0,8,92,185,96,10,3,0,0,66,10,8600000US46016,15071.0,1156.0,8889,6550,2103,43,17,0,74,4,71,17.75,3.88,5,90,18.0,3.4,10,85,8.5,3.05
02169,23770,23308,20418,622,42,1817,4,80,325,462,277,27,2,4,0,122,30,8600000US02169,37060.0,1543.0,23770,20695,649,44,1821,4,202,26,2388,91.85,3.31,6,819,136.5,3.17,15,631,42.07,2.33
27018,2912,2853,2762,67,9,5,0,1,9,59,27,1,0,0,0,29,2,8600000US27018,23795.0,2205.0,2912,2789,68,9,5,0,30,0,0,0.0,0.0,0,0,0.0,0.0,1,1,1.0,3.0
07446,5324,5217,4885,39,5,257,0,4,27,107,76,1,1,2,0,18,9,8600000US07446,63599.0,5017.0,5324,4961,40,6,259,0,22,5,184,36.8,3.1,3,195,65.0,3.17,11,334,30.36,2.82
92886,13208,12090,10823,112,36,914,11,19,175,1118,762,8,18,1,1,277,51,8600000US92886,48999.0,2195.0,13208,11585,120,54,915,12,296,2,306,153.0,3.5,19,2165,113.95,3.82,11,666,60.55,2.77
91350,12884,11553,10510,198,40,543,13,24,225,1331,821,7,17,11,0,396,79,8600000US91350,37680.0,1501.0,12884,11331,205,57,554,13,420,3,249,83.0,3.17,10,1822,182.2,3.35,12,764,63.67,2.67
94578,13949,11437,6210,2564,79,1992,81,34,477,2512,1073,48,38,33,5,1094,221,8600000US94578,26624.0,1402.0,13949,7283,2612,117,2025,86,1128,30,4150,138.33,3.3,36,4387,121.86,3.58,29,1769,61.0,2.55
01501,6302,6266,6171,29,5,34,2,2,23,36,27,0,1,0,0,4,4,8600000US01501,38476.0,1385.0,6302,6198,29,6,34,2,6,1,85,85.0,2.5,3,124,41.33,2.67,5,48,9.6,2.6
19333,3182,3142,2835,88,5,193,0,4,17,40,32,0,0,0,0,8,0,8600000US19333,67755.0,6058.0,3182,2867,88,5,193,0,12,3,301,100.33,3.33,3,229,76.33,3.5,6,238,39.67,2.92
06608,4127,1610,418,1043,6,65,1,9,68,2517,1088,50,13,1,4,1220,141,8600000US06608,15714.0,1237.0,4127,1506,1093,19,66,5,1229,18,127,7.06,3.67,16,128,8.0,4.0,12,103,8.58,3.08
12754,2782,2544,2261,216,5,35,1,4,22,238,127,13,3,1,0,83,11,8600000US12754,25049.0,4450.0,2782,2388,229,8,36,1,87,1,2,2.0,4.5,3,24,8.0,3.83,4,19,4.75,2.62
75077,10492,10051,9224,442,44,244,2,5,90,441,255,4,7,1,0,151,23,8600000US75077,45760.0,1523.0,10492,9479,446,51,245,2,156,6,439,73.17,3.08,15,1254,83.6,3.4,21,367,17.48,2.79
45069,14889,14685,13408,556,27,581,10,10,93,204,126,6,1,1,2,54,14,8600000US45069,41532.0,1560.0,14889,13534,562,28,582,12,64,3,206,68.67,3.67,7,153,21.86,3.64,12,143,11.92,2.79
80120,12311,11629,11174,102,63,154,5,8,123,682,382,5,19,2,1,226,47,8600000US80120,41052.0,2257.0,12311,11556,107,82,156,6,234,5,170,34.0,2.9,26,1250,48.08,3.56,26,474,18.23,2.48
45042,10961,10922,10599,209,15,18,1,6,74,39,25,1,0,0,0,9,4,8600000US45042,28408.0,1740.0,10961,10624,210,15,18,1,15,2,28,14.0,4.0,2,9,4.5,3.0,8,38,4.75,2.75
67880,2741,2008,1965,2,14,6,0,1,20,733,287,1,5,1,0,411,28,8600000US67880,26093.0,2366.0,2741,2252,3,19,7,0,412,0,0,0.0,0.0,0,0,0.0,0.0,0,0,0.0,0.0
54806,4674,4648,4203,7,356,14,0,0,68,26,11,0,4,0,0,7,4,8600000US54806,24763.0,1584.0,4674,4214,7,360,14,0,7,1,8,8.0,3.5,1,40,40.0,4.0,3,6,2.0,1.5
76574,5708,4441,3733,646,12,12,0,2,36,1267,646,4,16,1,1,556,43,8600000US76574,24571.0,1365.0,5708,4379,650,28,13,1,558,0,0,0.0,0.0,0,0,0.0,0.0,0,0,0.0,0.0
29576,7385,7343,7067,204,10,17,3,0,42,42,26,2,1,2,0,8,3,8600000US29576,33321.0,1966.0,7385,7093,206,11,19,3,8,3,26,8.67,3.67,3,121,40.33,3.83,9,56,6.22,3.61
24609,3242,3224,3193,12,5,0,0,1,13,18,17,0,0,0,0,1,0,8600000US24609,22292.0,1950.0,3242,3210,12,5,0,0,2,0,0,0.0,0.0,0,0,0.0,0.0,0,0,0.0,0.0
92831,13148,10627,8262,365,51,1575,29,25,320,2521,1173,11,31,7,2,1151,146,8600000US92831,29625.0,1506.0,13148,9435,376,82,1582,31,1176,9,2051,227.89,3.17,48,7705,160.52,3.56,40,3490,87.25,2.89
48161,9782,9624,9154,336,18,40,1,2,73,158,83,4,4,0,0,58,9,8600000US48161,25188.0,1267.0,9782,9237,340,22,40,1,60,0,0,0.0,0.0,0,0,0.0,0.0,0,0,0.0,0.0
77082,15479,12802,7584,3032,31,1711,4,48,392,2677,1523,56,16,3,0,887,192,8600000US77082,30640.0,1951.0,15479,9107,3088,47,1714,4,935,9,539,59.89,3.11,20,917,45.85,3.45,32,806,25.19,2.39
53593,4571,4553,4500,21,6,16,0,1,9,18,14,0,1,0,0,3,0,8600000US53593,51072.0,2253.0,4571,4514,21,7,16,0,4,2,32,16.0,2.75,2,84,42.0,4.0,5,36,7.2,3.0
74135,10331,9929,8621,603,332,114,3,5,251,402,167,6,8,1,0,191,29,8600000US74135,31592.0,1808.0,10331,8788,609,340,115,3,196,10,390,39.0,3.2,20,543,27.15,3.33,28,299,10.68,3.02
45176,2948,2942,2912,4,7,1,0,2,16,6,3,0,0,0,0,2,1,8600000US45176,24922.0,2109.0,2948,2915,4,7,1,0,4,0,0,0.0,0.0,0,0,0.0,0.0,0,0,0.0,0.0
45440,8211,8140,7702,204,7,158,4,3,62,71,47,0,1,0,0,15,8,8600000US45440,36535.0,2091.0,8211,7749,204,8,158,4,18,2,62,31.0,3.0,7,223,31.86,3.21,18,289,16.06,3.28
10543,7279,6428,5831,281,2,238,2,5,69,851,552,16,6,2,1,214,60,8600000US10543,58834.0,5189.0,7279,6383,297,8,240,3,219,11,327,29.73,3.55,9,608,67.56,3.72,5,45,9.0,3.2
33063,22715,20316,18016,1419,22,415,7,67,370,2399,1832,45,7,3,0,338,174,8600000US33063,25706.0,1339.0,22715,19848,1464,29,418,7,405,10,239,23.9,2.65,7,492,70.29,3.93,24,443,18.46,2.69
07208,11817,7471,4462,2263,17,355,2,53,319,4346,2762,169,19,7,4,1107,278,8600000US07208,22618.0,1260.0,11817,7224,2432,36,362,6,1160,27,306,11.33,2.89,15,187,12.47,4.1,26,269,10.35,2.6
22306,10821,9526,5491,3053,30,706,11,18,217,1295,541,41,16,4,1,584,108,8600000US22306,33671.0,2045.0,10821,6032,3094,46,710,12,602,12,613,51.08,3.38,12,1314,109.5,3.54,16,592,37.0,2.94
40215,10415,10144,7501,2423,31,59,8,11,111,271,156,12,0,0,1,92,10,8600000US40215,15865.0,937.0,10415,7657,2435,31,59,9,103,7,121,17.29,3.93,7,348,49.71,3.5,20,150,7.5,2.27
60515,11155,10936,10494,131,8,238,0,11,54,219,155,1,4,0,0,46,13,8600000US60515,47818.0,2076.0,11155,10649,132,12,238,0,57,5,351,70.2,3.2,11,1364,124.0,3.68,16,317,19.81,3.12
06238,4258,4218,4133,19,9,15,0,5,37,40,28,1,1,1,0,6,3,8600000US06238,41100.0,3151.0,4258,4161,20,10,16,0,11,1,19,19.0,4.0,1,1,1.0,4.0,1,3,3.0,2.5
53209,19264,18952,7516,11022,52,185,2,7,168,312,113,65,2,2,1,105,24,8600000US53209,20313.0,766.0,19264,7629,11087,54,187,3,112,3,35,11.67,3.83,3,29,9.67,2.5,7,49,7.0,1.86
10029,27465,12873,2688,8557,63,945,2,98,520,14592,5471,1403,162,32,16,6494,1014,8600000US10029,27966.0,1641.0,27465,8159,9960,225,977,18,6592,132,18243,138.2,4.16,134,31038,231.63,4.28,101,5886,58.28,4.47
80906,19701,17850,15886,1054,118,423,46,23,300,1851,811,35,48,8,4,824,121,8600000US80906,41504.0,1693.0,19701,16697,1089,166,431,50,847,0,0,0.0,0.0,1,10,10.0,4.5,0,0,0.0,0.0
65804,16518,16345,15741,213,73,150,9,5,154,173,92,3,1,0,0,58,19,8600000US65804,33019.0,1866.0,16518,15833,216,74,150,9,63,12,471,39.25,3.62,23,838,36.43,3.52,33,341,10.33,3.03
90240,7860,4537,3472,157,17,725,10,14,142,3323,1638,9,36,6,4,1418,212,8600000US90240,30648.0,2166.0,7860,5110,166,53,731,14,1432,7,906,129.43,3.14,84,20522,244.31,4.51,44,4269,97.02,2.83
29572,4105,4056,3925,61,7,34,4,2,23,49,31,0,1,0,0,12,5,8600000US29572,47217.0,6207.0,4105,3956,61,8,34,4,14,2,7,3.5,2.5,2,385,192.5,3.75,9,122,13.56,3.0
78552,9687,4231,4110,39,15,26,1,2,38,5456,4219,10,27,1,2,1042,155,8600000US78552,21469.0,1674.0,9687,8329,49,42,27,3,1044,2,11,5.5,3.0,21,253,12.05,3.88,10,56,5.6,3.5
75644,7428,7252,6297,862,27,4,0,2,60,176,56,6,4,0,2,100,8,8600000US75644,23031.0,2662.0,7428,6353,868,31,4,2,102,0,0,0.0,0.0,0,0,0.0,0.0,0,0,0.0,0.0
47553,3043,3035,3008,2,4,7,0,0,14,8,8,0,0,0,0,0,0,8600000US47553,23337.0,1632.0,3043,3016,2,4,7,0,0,1,2,2.0,1.5,1,10,10.0,3.0,2,5,2.5,2.25
84770,10808,10182,9819,18,149,36,68,6,86,626,308,3,9,2,0,269,35,8600000US84770,23209.0,1328.0,10808,10127,21,158,38,68,275,0,0,0.0,0.0,0,0,0.0,0.0,0,0,0.0,0.0
73129,7207,6017,4582,782,362,49,2,1,239,1190,382,8,33,3,1,697,66,8600000US73129,14042.0,1524.0,7207,4964,790,395,52,3,698,1,5,5.0,4.0,8,58,7.25,4.19,5,13,2.6,2.1
76109,10358,9841,9245,300,32,164,5,2,93,517,299,2,4,1,1,182,28,8600000US76109,54663.0,4750.0,10358,9544,302,36,165,6,184,4,83,20.75,2.88,18,1083,60.17,3.92,29,488,16.83,2.59
98045,5068,4960,4764,24,42,56,10,4,60,108,61,1,1,0,0,35,10,8600000US98045,45528.0,3391.0,5068,4825,25,43,56,10,39,0,0,0.0,0.0,0,0,0.0,0.0,0,0,0.0,0.0
30114,7886,7468,7111,257,22,29,1,2,46,418,187,2,7,0,1,197,24,8600000US30114,31747.0,2330.0,7886,7298,259,29,29,2,199,1,21,21.0,2.5,1,20,20.0,3.0,2,11,5.5,2.75
21227,13068,12853,10909,1466,26,326,3,5,118,215,110,5,2,1,2,79,16,8600000US21227,27897.0,1380.0,13068,11019,1471,28,327,5,84,8,226,28.25,3.44,6,230,38.33,3.5,16,182,11.38,3.12
52803,9724,9382,8025,1114,31,106,1,4,101,342,171,10,1,1,0,134,25,8600000US52803,26384.0,1865.0,9724,8196,1124,32,107,1,138,3,36,12.0,3.67,15,481,32.07,3.27,13,90,6.92,3.23
93638,12820,6438,5405,549,119,144,9,19,193,6382,2231,38,186,12,2,3544,369,8600000US93638,14324.0,939.0,12820,7636,587,305,156,11,3563,0,0,0.0,0.0,0,0,0.0,0.0,0,0,0.0,0.0
64138,10262,10075,7238,2586,31,76,8,7,129,187,115,7,3,0,0,52,10,8600000US64138,23365.0,1437.0,10262,7353,2593,34,76,8,59,2,43,21.5,3.5,2,18,9.0,3.75,13,109,8.38,2.69
55355,3755,3669,3651,2,5,6,0,0,5,86,17,0,1,1,0,64,3,8600000US55355,29986.0,1895.0,3755,3668,2,6,7,0,64,0,0,0.0,0.0,0,0,0.0,0.0,0,0,0.0,0.0
15101,8830,8789,8573,62,2,128,2,2,20,41,39,1,0,0,0,1,0,8600000US15101,43905.0,2703.0,8830,8612,63,2,128,2,3,1,10,10.0,4.0,0,0,0.0,0.0,2,7,3.5,2.75
54467,4516,4473,4407,15,10,21,1,0,19,43,23,0,3,0,0,12,5,8600000US54467,30605.0,2483.0,4516,4430,15,13,21,1,12,0,0,0.0,0.0,0,0,0.0,0.0,0,0,0.0,0.0
48223,12394,12276,2103,9838,46,103,4,13,169,118,37,37,4,2,1,24,13,8600000US48223,19330.0,1208.0,12394,2140,9875,50,105,5,37,3,12,4.0,3.0,1,3,3.0,2.5,14,47,3.36,1.86
07747,10897,10444,8928,516,6,873,3,14,104,453,333,16,1,7,0,70,26,8600000US07747,45939.0,1702.0,10897,9261,532,7,880,3,84,9,611,67.89,3.44,4,176,44.0,3.62,3,38,12.67,2.83
34442,4662,4602,4442,73,14,38,0,2,33,60,46,1,2,0,1,5,5,8600000US34442,31002.0,2277.0,4662,4488,74,16,38,1,7,0,0,0.0,0.0,0,0,0.0,0.0,0,0,0.0,0.0
30176,2601,2592,2461,92,6,11,0,0,22,9,4,0,0,1,0,4,0,8600000US30176,22459.0,3169.0,2601,2465,92,6,12,0,4,0,0,0.0,0.0,0,0,0.0,0.0,0,0,0.0,0.0
60070,6063,5011,4591,114,5,243,0,0,58,1052,459,7,9,0,0,520,57,8600000US60070,32223.0,2580.0,6063,5050,121,14,243,0,520,4,217,54.25,3.12,4,174,43.5,3.38,7,151,21.57,3.36
32707,13785,12292,11209,615,30,244,4,25,165,1493,1056,30,9,3,0,313,82,8600000US32707,25863.0,1966.0,13785,12265,645,39,247,4,338,7,113,16.14,2.71,7,220,31.43,4.0,14,246,17.57,2.79
63401,8645,8580,8013,436,20,22,2,2,85,65,39,2,4,0,0,9,11,8600000US63401,22172.0,1155.0,8645,8052,438,24,22,2,11,0,0,0.0,0.0,1,2,2.0,4.0,0,0,0.0,0.0
34769,7214,6655,6396,107,32,43,2,1,74,559,359,23,6,0,1,139,31,8600000US34769,22068.0,2549.0,7214,6755,130,38,43,3,140,4,99,24.75,3.5,7,286,40.86,3.64,14,175,12.5,3.36
59105,8614,8455,8140,25,166,39,3,2,80,159,82,1,6,2,1,57,10,8600000US59105,32347.0,1870.0,8614,8222,26,172,41,4,59,1,11,11.0,2.0,4,28,7.0,2.38,4,17,4.25,1.62
53549,3752,3606,3560,6,13,8,2,0,17,146,71,1,2,0,0,65,7,8600000US53549,26967.0,1351.0,3752,3631,7,15,8,2,65,0,0,0.0,0.0,0,0,0.0,0.0,0,0,0.0,0.0
45239,12063,11950,10256,1490,29,84,2,9,80,113,43,6,0,3,1,47,13,8600000US45239,26840.0,2061.0,12063,10299,1496,29,87,3,56,4,101,25.25,3.38,5,58,11.6,3.9,17,87,5.12,3.12
91001,12379,10610,5172,4583,37,449,8,26,335,1769,735,59,27,8,1,812,127,8600000US91001,43263.0,2529.0,12379,5907,4642,64,457,9,838,5,416,83.2,3.4,39,2592,66.46,4.17,14,833,59.5,2.79
92128,18818,18049,15368,360,36,1975,34,18,258,769,490,5,8,10,2,197,57,8600000US92128,47359.0,2063.0,18818,15858,365,44,1985,36,215,8,2057,257.12,3.5,14,2521,180.07,3.43,19,1923,101.21,2.97
77079,11977,11093,9761,329,23,821,1,8,150,884,582,7,10,1,0,233,51,8600000US77079,56154.0,4544.0,11977,10343,336,33,822,1,241,8,767,95.88,3.19,16,1214,75.88,3.56,24,979,40.79,2.79
78207,15429,911,472,352,32,23,2,5,25,14518,9150,46,177,5,4,4580,556,8600000US78207,11900.0,612.0,15429,9622,398,209,28,6,4585,5,185,37.0,3.7,96,9886,102.98,4.22,28,341,12.18,2.16
07719,8915,8705,8423,143,11,75,2,9,42,210,137,5,1,1,0,53,13,8600000US07719,47973.0,2891.0,8915,8560,148,12,76,2,62,1,55,55.0,3.5,0,0,0.0,0.0,0,0,0.0,0.0
63111,8986,8713,6614,1756,30,128,2,11,172,273,139,8,3,2,0,97,24,8600000US63111,16988.0,1201.0,8986,6753,1764,33,130,2,108,5,110,22.0,3.6,10,788,78.8,3.65,6,71,11.83,2.5
61520,6998,6969,6872,34,13,20,0,0,30,29,20,0,0,0,0,8,1,8600000US61520,23243.0,1622.0,6998,6892,34,13,20,0,8,2,14,7.0,2.5,3,39,13.0,3.67,3,14,4.67,2.33
19465,5385,5356,5220,78,4,29,0,4,21,29,21,0,0,0,0,5,3,8600000US19465,42256.0,2837.0,5385,5241,78,4,29,0,9,2,19,9.5,3.75,0,0,0.0,0.0,1,15,15.0,4.0
92201,16538,7093,6136,451,64,274,7,18,143,9445,3813,39,99,31,5,5055,403,8600000US92201,19987.0,955.0,16538,9949,490,163,305,12,5073,10,852,85.2,3.6,28,2286,81.64,3.62,23,719,31.26,2.54
01151,3339,2881,2486,304,9,21,0,2,59,458,144,25,1,0,2,269,17,8600000US01151,18717.0,1673.0,3339,2630,329,10,21,2,271,7,61,8.71,3.57,3,43,14.33,3.33,8,77,9.62,2.5
49418,9064,8884,8609,132,26,70,1,4,42,180,119,3,1,0,0,49,8,8600000US49418,32323.0,2338.0,9064,8728,135,27,70,1,53,7,96,13.71,2.57,8,217,27.12,3.0,17,210,12.35,2.88
28379,10309,10158,7441,2446,126,61,1,1,82,151,68,7,3,1,2,61,9,8600000US28379,21243.0,1563.0,10309,7509,2453,129,62,3,62,3,9,3.0,3.0,3,29,9.67,2.67,9,57,6.33,2.44
68137,9351,9168,8901,103,12,98,4,4,46,183,128,1,2,1,0,44,7,8600000US68137,30634.0,1265.0,9351,9029,104,14,99,4,48,6,212,35.33,3.42,12,528,44.0,3.54,29,342,11.79,3.05
65737,2632,2599,2550,2,17,1,1,0,28,33,25,0,1,0,0,7,0,8600000US65737,25331.0,3655.0,2632,2575,2,18,1,1,7,2,16,8.0,3.75,3,88,29.33,3.83,5,18,3.6,2.8
11598,4232,4086,3926,33,1,97,0,7,22,146,97,1,0,1,0,41,6,8600000US11598,53159.0,5254.0,4232,4023,34,1,98,0,48,13,246,18.92,3.15,6,196,32.67,3.58,9,122,13.56,2.17
33040,14527,12178,10858,946,43,130,3,15,183,2349,2001,57,6,2,0,195,88,8600000US33040,34434.0,1575.0,14527,12859,1003,49,132,3,210,0,0,0.0,0.0,0,0,0.0,0.0,0,0,0.0,0.0
17103,4656,4406,1578,2672,12,44,1,7,92,250,69,24,5,2,0,124,26,8600000US17103,18161.0,1962.0,4656,1647,2696,17,46,1,131,11,237,21.55,3.09,12,506,42.17,4.17,15,167,11.13,2.97
32257,14856,14231,12429,1163,39,407,5,16,172,625,437,18,4,2,0,123,41,8600000US32257,31003.0,1876.0,14856,12866,1181,43,409,5,139,8,650,81.25,3.88,10,895,89.5,3.4,20,419,20.95,2.88
49307,6561,6487,5897,380,34,95,2,4,75,74,50,0,3,2,0,14,5,8600000US49307,19800.0,1489.0,6561,5947,380,37,97,2,18,1,12,12.0,3.5,3,51,17.0,3.5,12,62,5.17,2.46
97501,14286,13248,12651,56,169,87,18,5,262,1038,432,5,19,1,2,463,116,8600000US97501,20717.0,1022.0,14286,13083,61,188,88,20,468,0,0,0.0,0.0,2,335,167.5,4.25,0,0,0.0,0.0
48081,9308,9242,9102,17,14,35,3,4,67,66,54,1,1,1,0,8,1,8600000US48081,33885.0,3041.0,9308,9156,18,15,36,3,12,6,209,34.83,3.17,2,90,45.0,2.5,11,171,15.55,2.5
07023,2574,2497,2285,112,1,83,1,1,14,77,61,1,0,0,0,13,2,8600000US07023,50993.0,4266.0,2574,2346,113,1,83,1,14,8,119,14.88,3.62,1,23,23.0,4.5,13,154,11.85,3.0
75087,5804,5540,5279,144,20,64,1,2,30,264,141,1,2,0,0,107,13,8600000US75087,39009.0,2208.0,5804,5420,145,22,64,1,109,1,37,37.0,3.0,4,457,114.25,3.38,5,54,10.8,2.7
92260,13899,12433,11911,100,43,244,11,5,119,1466,842,11,20,1,1,509,82,8600000US92260,36794.0,2454.0,13899,12753,111,63,245,12,514,3,88,29.33,2.83,19,3085,162.37,3.87,16,760,47.5,3.06
48180,24776,24137,21399,2007,132,297,2,10,290,639,433,9,9,3,0,135,50,8600000US48180,22174.0,714.0,24776,21832,2016,141,300,2,145,2,86,43.0,3.0,2,17,8.5,4.25,13,128,9.85,2.58
94590,14257,12173,6447,3588,107,1404,107,25,495,2084,760,38,34,30,10,1038,174,8600000US94590,24430.0,1127.0,14257,7207,3626,141,1434,117,1063,16,2268,141.75,3.44,38,2909,76.55,3.74,36,1558,43.28,2.44
73521,8509,7438,6327,807,106,70,11,2,115,1071,328,5,5,1,1,669,62,8600000US73521,22655.0,1314.0,8509,6655,812,111,71,12,671,0,0,0.0,0.0,0,0,0.0,0.0,0,0,0.0,0.0
40014,5125,5080,4954,79,9,15,0,3,20,45,25,2,1,0,0,15,2,8600000US40014,39497.0,2117.0,5125,4979,81,10,15,0,18,1,14,14.0,3.0,1,12,12.0,4.5,0,0,0.0,0.0
30504,5179,4207,3783,268,13,113,0,0,30,972,427,5,8,4,22,459,47,8600000US30504,20703.0,1635.0,5179,4210,273,21,117,22,459,3,45,15.0,3.83,19,246,12.95,3.97,14,97,6.93,3.04
75206,20442,16036,13924,966,80,756,4,30,276,4406,2110,25,21,4,3,2023,220,8600000US75206,49708.0,2486.0,20442,16034,991,101,760,7,2053,6,689,114.83,3.0,45,10011,222.47,3.73,38,2712,71.37,2.97
19707,5283,5211,4749,123,5,313,1,0,20,72,59,0,0,0,0,9,4,8600000US19707,58021.0,7014.0,5283,4808,123,5,313,1,9,3,66,22.0,3.5,5,222,44.4,3.6,1,17,17.0,3.0
49601,7978,7928,7805,8,37,27,1,1,49,50,28,0,3,0,3,13,3,8600000US49601,23794.0,1297.0,7978,7833,8,40,27,4,14,0,0,0.0,0.0,0,0,0.0,0.0,0,0,0.0,0.0
30531,3823,3515,3194,180,5,103,6,0,27,308,161,7,2,2,0,123,13,8600000US30531,20485.0,2291.0,3823,3355,187,7,105,6,123,0,0,0.0,0.0,0,0,0.0,0.0,0,0,0.0,0.0
17340,3589,3571,3532,10,4,8,0,2,15,18,9,1,1,0,0,4,3,8600000US17340,30955.0,1703.0,3589,3541,11,5,8,0,6,2,10,5.0,3.75,0,0,0.0,0.0,3,16,5.33,2.17
98373,6521,6331,5752,161,54,168,30,3,163,190,96,0,5,3,1,65,20,8600000US98373,31748.0,1864.0,6521,5848,161,59,171,31,68,1,4,4.0,4.0,1,31,31.0,4.0,3,43,14.33,2.5
77471,9065,5223,4409,700,18,36,2,4,54,3842,2194,12,19,2,0,1472,143,8600000US77471,21109.0,1324.0,9065,6603,712,37,38,2,1476,0,0,0.0,0.0,0,0,0.0,0.0,0,0,0.0,0.0
32448,3350,3311,2267,985,19,10,0,0,30,39,21,7,1,0,0,9,1,8600000US32448,18396.0,1711.0,3350,2288,992,20,10,0,9,0,0,0.0,0.0,0,0,0.0,0.0,0,0,0.0,0.0
11726,5475,4607,3900,535,12,74,3,11,72,868,414,34,3,1,0,321,95,8600000US11726,26478.0,1588.0,5475,4314,569,15,75,3,332,14,245,17.5,3.61,4,37,9.25,3.25,14,345,24.64,2.96
54456,2504,2489,2445,2,22,11,1,1,7,15,9,0,2,0,0,3,1,8600000US54456,25363.0,1397.0,2504,2454,2,24,11,1,4,0,0,0.0,0.0,0,0,0.0,0.0,0,0,0.0,0.0
75090,8002,7248,6006,1012,85,41,2,0,102,754,361,9,9,1,0,329,45,8600000US75090,17481.0,1079.0,8002,6367,1021,94,42,2,329,0,0,0.0,0.0,0,0,0.0,0.0,0,0,0.0,0.0
32174,17143,16878,16201,383,27,155,2,6,104,265,223,2,0,1,0,25,14,8600000US32174,32304.0,1843.0,17143,16424,385,27,156,2,31,0,0,0.0,0.0,0,0,0.0,0.0,0,0,0.0,0.0
69337,2676,2631,2516,7,72,16,3,1,16,45,20,0,2,0,1,18,4,8600000US69337,24732.0,3211.0,2676,2536,7,74,16,4,19,0,0,0.0,0.0,0,0,0.0,0.0,0,0,0.0,0.0
53120,3258,3223,3199,1,6,6,0,1,10,35,18,0,2,1,0,12,2,8600000US53120,32003.0,1908.0,3258,3217,1,8,7,0,13,1,11,11.0,3.5,1,20,20.0,2.5,2,10,5.0,1.75
92320,3042,2776,2680,19,9,24,4,2,38,266,145,0,6,0,0,101,14,8600000US92320,27919.0,1814.0,3042,2825,19,15,24,4,103,3,198,66.0,4.17,9,668,74.22,3.5,7,203,29.0,2.29
76205,13280,12253,10769,985,62,264,5,12,156,1027,402,5,6,1,0,558,55,8600000US76205,24728.0,1675.0,13280,11171,990,68,265,5,570,4,534,133.5,3.0,29,1464,50.48,3.69,23,651,28.3,2.61
97048,2500,2476,2380,3,30,8,1,4,50,24,13,0,0,0,0,6,5,8600000US97048,24544.0,1821.0,2500,2393,3,30,8,1,10,0,0,0.0,0.0,0,0,0.0,0.0,0,0,0.0,0.0
90805,26252,16995,6182,7204,116,2359,468,53,613,9257,3045,121,132,24,12,5439,484,8600000US90805,18614.0,745.0,26252,9227,7325,248,2383,480,5492,12,1240,103.33,3.54,50,3700,74.0,3.51,47,2017,42.91,2.36
27371,2903,2830,2368,407,7,25,0,0,23,73,33,3,0,0,0,32,5,8600000US27371,19417.0,1857.0,2903,2401,410,7,25,0,32,0,0,0.0,0.0,0,0,0.0,0.0,0,0,0.0,0.0
97523,2543,2462,2327,5,47,13,4,5,61,81,53,0,5,1,0,16,6,8600000US97523,19525.0,3188.0,2543,2380,5,52,14,4,21,0,0,0.0,0.0,0,0,0.0,0.0,0,0,0.0,0.0
32303,19090,18521,13963,4014,58,256,4,20,206,569,390,24,3,7,0,106,39,8600000US32303,26597.0,1450.0,19090,14353,4038,61,263,4,126,2,21,10.5,3.25,1,12,12.0,3.5,3,30,10.0,2.0
95948,3315,2536,2323,8,37,88,0,7,73,779,240,1,11,1,0,488,38,8600000US95948,22334.0,1496.0,3315,2563,9,48,89,0,495,0,0,0.0,0.0,0,0,0.0,0.0,0,0,0.0,0.0
39565,4753,4705,4483,155,19,18,0,2,28,48,25,1,2,0,0,17,3,8600000US39565,25034.0,1720.0,4753,4508,156,21,18,0,19,0,0,0.0,0.0,0,0,0.0,0.0,0,0,0.0,0.0
97220,10469,10049,8615,354,89,700,23,6,262,420,133,6,7,2,3,232,37,8600000US97220,24249.0,1139.0,10469,8748,360,96,702,26,238,7,286,40.86,2.93,16,874,54.62,3.25,27,661,24.48,2.28
48423,12817,12638,12183,201,40,62,2,5,145,179,108,1,3,2,0,50,15,8600000US48423,29545.0,2086.0,12817,12291,202,43,64,2,55,2,28,14.0,2.75,3,66,22.0,2.83,6,27,4.5,2.92
63137,8296,8247,4747,3399,15,21,0,5,60,49,28,11,1,0,0,5,4,8600000US63137,18249.0,1274.0,8296,4775,3410,16,21,0,10,1,4,4.0,3.0,0,0,0.0,0.0,3,21,7.0,2.5
94572,2814,2424,1547,419,17,337,10,6,88,390,171,2,18,1,1,168,29,8600000US94572,32078.0,4683.0,2814,1718,421,35,338,11,174,3,295,98.33,3.5,8,614,76.75,3.81,7,381,54.43,2.64
46528,7010,6338,6212,35,14,41,1,2,33,672,195,8,0,0,0,441,28,8600000US46528,24978.0,2118.0,7010,6407,43,14,41,1,443,0,0,0.0,0.0,3,44,14.67,3.67,1,6,6.0,2.0
02740,17780,16406,12733,949,112,111,7,1429,1065,1374,516,104,25,3,3,606,117,8600000US02740,24027.0,1357.0,17780,13249,1053,137,114,10,2035,7,75,10.71,3.5,8,365,45.62,3.69,8,90,11.25,2.88
55076,7070,6850,6633,83,22,54,3,5,50,220,99,9,4,0,0,97,11,8600000US55076,37338.0,2159.0,7070,6732,92,26,54,3,102,3,122,40.67,3.83,4,105,26.25,4.25,6,49,8.17,2.0
67501,10639,9914,9349,365,53,25,3,3,116,725,254,7,10,1,1,408,44,8600000US67501,18182.0,985.0,10639,9603,372,63,26,4,411,0,0,0.0,0.0,0,0,0.0,0.0,0,0,0.0,0.0
10312,20056,19111,18223,102,19,629,3,15,120,945,722,10,8,4,0,155,46,8600000US10312,38250.0,1544.0,20056,18945,112,27,633,3,170,14,382,27.29,3.46,3,151,50.33,3.17,3,14,4.67,2.83
11778,4014,3886,3792,16,3,33,1,2,39,128,96,1,1,1,0,21,8,8600000US11778,39896.0,4047.0,4014,3888,17,4,34,1,23,3,99,33.0,3.67,1,16,16.0,2.5,3,19,6.33,2.83
49721,6120,6087,5815,6,164,15,0,0,87,33,19,1,4,0,0,5,4,8600000US49721,24270.0,1141.0,6120,5834,7,168,15,0,5,0,0,0.0,0.0,0,0,0.0,0.0,0,0,0.0,0.0
84341,5086,4932,4640,28,20,197,13,2,32,154,74,0,0,0,0,68,12,8600000US84341,23014.0,1459.0,5086,4714,28,20,197,13,70,6,216,36.0,3.08,14,477,34.07,3.46,17,235,13.82,2.56
27040,3659,3625,3315,265,6,11,0,4,24,34,19,0,0,0,0,12,3,8600000US27040,36044.0,2918.0,3659,3334,265,6,11,0,16,0,0,0.0,0.0,1,64,64.0,4.0,1,3,3.0,2.5
07203,7520,6573,2705,3473,13,181,2,20,179,947,510,61,5,1,1,298,71,8600000US07203,26114.0,1756.0,7520,3215,3534,18,182,3,318,16,370,23.12,3.41,11,615,55.91,3.82,15,223,14.87,2.77
15239,7954,7909,7588,231,4,53,1,3,29,45,36,1,0,0,0,5,3,8600000US15239,32248.0,1270.0,7954,7624,232,4,53,1,8,0,0,0.0,0.0,0,0,0.0,0.0,3,10,3.33,1.83
30309,11495,11157,9033,1600,17,341,1,25,140,338,214,19,0,2,0,73,30,8600000US30309,73481.0,5156.0,11495,9247,1619,17,343,1,98,16,2241,140.06,2.94,52,20996,403.77,6.63,63,10110,160.48,4.87
46077,5502,5463,5353,41,11,41,1,2,14,39,27,1,0,0,0,9,2,8600000US46077,59036.0,4044.0,5502,5380,42,11,41,1,11,0,0,0.0,0.0,0,0,0.0,0.0,0,0,0.0,0.0
20715,8723,8540,7332,904,23,162,1,11,107,183,119,7,0,0,0,44,13,8600000US20715,43638.0,1818.0,8723,7451,911,23,162,1,55,3,109,36.33,3.17,2,30,15.0,2.75,10,240,24.0,2.85
60436,6254,5677,4331,1248,10,26,0,8,54,577,237,3,5,0,0,291,41,8600000US60436,21131.0,1145.0,6254,4568,1251,15,26,0,299,2,39,19.5,2.5,7,219,31.29,3.57,20,394,19.7,2.77
80206,11581,10853,9601,764,63,200,6,18,201,728,427,14,18,0,0,216,53,8600000US80206,64096.0,4773.0,11581,10028,778,81,200,6,234,11,1818,165.27,3.82,36,5506,152.94,3.49,28,983,35.11,2.45
06112,7706,7143,125,6660,18,16,3,12,309,563,112,80,8,3,0,324,36,8600000US06112,19539.0,1810.0,7706,237,6740,26,19,3,336,17,297,17.47,2.97,11,997,90.64,3.64,15,188,12.53,2.77
97423,2944,2878,2770,5,41,12,4,2,44,66,38,1,4,0,0,19,4,8600000US97423,22967.0,3456.0,2944,2808,6,45,12,4,21,0,0,0.0,0.0,0,0,0.0,0.0,0,0,0.0,0.0
23834,9729,9597,8052,1278,14,161,9,6,77,132,70,14,1,2,0,41,4,8600000US23834,28622.0,1369.0,9729,8122,1292,15,163,9,47,8,102,12.75,2.69,8,399,49.88,3.69,25,337,13.48,2.64
10523,2609,2270,1337,660,4,196,4,9,60,339,177,6,3,0,0,119,34,8600000US10523,37921.0,3490.0,2609,1514,666,7,196,4,128,7,150,21.43,2.71,4,37,9.25,3.38,8,94,11.75,2.75
90002,10690,5623,68,5440,12,9,8,13,73,5067,1250,40,54,8,5,3402,308,8600000US90002,11807.0,577.0,10690,1318,5480,66,17,13,3415,18,541,30.06,3.83,106,8154,76.92,5.53,40,822,20.55,2.4
11412,11565,11212,73,10728,37,39,2,33,300,353,39,193,6,1,1,83,30,8600000US11412,27935.0,1048.0,11565,112,10921,43,40,3,116,42,446,10.62,2.81,7,192,27.43,3.93,27,282,10.44,2.69
80002,6720,6048,5794,53,41,82,3,4,71,672,374,5,20,2,1,236,34,8600000US80002,31446.0,1968.0,6720,6168,58,61,84,4,240,12,674,56.17,3.38,30,1745,58.17,3.28,28,620,22.14,2.55
35064,4796,4775,605,4142,2,6,0,0,20,21,4,14,0,0,0,2,1,8600000US35064,19116.0,1784.0,4796,609,4156,2,6,0,2,0,0,0.0,0.0,0,0,0.0,0.0,10,208,20.8,2.15
37604,14034,13837,12733,789,42,149,1,11,112,197,124,2,1,2,0,57,11,8600000US37604,28793.0,1965.0,14034,12857,791,43,151,1,68,3,61,20.33,3.5,8,135,16.88,3.81,16,128,8.0,3.28
14227,10388,10321,9966,182,13,109,3,3,45,67,45,1,1,0,0,16,4,8600000US14227,29886.0,1125.0,10388,10011,183,14,109,3,19,1,7,7.0,3.0,4,476,119.0,3.25,11,187,17.0,3.14
29657,5489,5451,5132,269,11,4,0,1,34,38,24,0,0,0,0,14,0,8600000US29657,21169.0,1539.0,5489,5156,269,11,4,0,15,1,3,3.0,3.5,2,20,10.0,4.5,1,2,2.0,3.0
70546,5866,5827,4687,1089,14,9,0,1,27,39,33,0,0,0,0,5,1,8600000US70546,22339.0,2004.0,5866,4720,1089,14,9,0,6,2,11,5.5,4.0,3,45,15.0,3.17,5,27,5.4,1.7
07508,7270,6172,5478,365,2,149,1,10,167,1098,543,36,8,3,1,422,85,8600000US07508,33778.0,2580.0,7270,6021,401,10,152,2,432,5,72,14.4,3.0,1,179,179.0,4.0,3,40,13.33,3.17
01473,2527,2510,2467,9,1,20,0,0,13,17,13,1,0,0,0,2,1,8600000US01473,43218.0,3949.0,2527,2480,10,1,20,0,2,1,13,13.0,4.5,0,0,0.0,0.0,0,0,0.0,0.0
11758,18080,17479,16473,667,9,208,2,14,106,601,395,28,3,0,0,138,37,8600000US11758,46956.0,1582.0,18080,16868,695,12,208,2,152,15,511,34.07,3.6,10,760,76.0,3.4,13,1050,80.77,2.92
89447,3150,2809,2608,4,142,5,0,5,45,341,161,0,21,1,0,145,13,8600000US89447,25084.0,4301.0,3150,2769,4,163,6,0,150,0,0,0.0,0.0,0,0,0.0,0.0,0,0,0.0,0.0
19124,22349,19048,12941,4954,45,715,6,37,350,3301,948,140,20,4,7,1909,273,8600000US19124,15293.0,934.0,22349,13889,5094,65,719,13,1946,31,292,9.42,3.37,5,37,7.4,2.7,27,222,8.22,2.3
18337,4162,4027,3886,69,10,21,0,4,37,135,105,3,4,0,0,18,5,8600000US18337,34192.0,3374.0,4162,3991,72,14,21,0,22,0,0,0.0,0.0,0,0,0.0,0.0,0,0,0.0,0.0
52403,10150,10027,9340,499,20,82,1,4,81,123,74,4,1,2,0,28,14,8600000US52403,37319.0,3009.0,10150,9414,503,21,84,1,32,3,20,6.67,3.67,1,1,1.0,4.0,2,4,2.0,4.25
99502,6576,6358,5192,226,301,403,24,6,206,218,100,5,12,4,2,75,20,8600000US99502,41256.0,2823.0,6576,5292,231,313,407,26,81,2,68,34.0,3.25,3,64,21.33,3.83,9,104,11.56,2.56
19963,6042,5833,5023,678,25,37,1,5,64,209,84,9,2,2,1,100,11,8600000US19963,28345.0,1672.0,6042,5107,687,27,39,2,105,0,0,0.0,0.0,0,0,0.0,0.0,0,0,0.0,0.0
30064,15298,14836,12433,2089,19,160,6,16,113,462,269,22,2,1,1,153,14,8600000US30064,40764.0,2248.0,15298,12702,2111,21,161,7,169,2,55,27.5,3.25,5,250,50.0,3.2,12,166,13.83,2.58
43232,16839,16526,10272,5549,64,257,5,25,354,313,141,30,3,4,0,116,19,8600000US43232,19893.0,1035.0,16839,10413,5579,67,261,5,141,4,66,16.5,3.5,5,83,16.6,3.2,14,122,8.71,2.43
93117,15500,12780,10503,262,59,1478,18,35,425,2720,1263,23,56,12,5,1170,191,8600000US93117,25127.0,1042.0,15500,11766,285,115,1490,23,1205,1,270,270.0,3.0,5,409,81.8,3.6,1,9,9.0,3.0
78578,3364,1531,1490,6,8,8,1,0,18,1833,1333,15,6,2,0,411,66,8600000US78578,20726.0,2737.0,3364,2823,21,14,10,1,411,0,0,0.0,0.0,0,0,0.0,0.0,0,0,0.0,0.0
44224,13971,13884,13301,251,20,227,1,5,79,87,55,3,1,0,0,18,10,8600000US44224,35900.0,1480.0,13971,13356,254,21,227,1,23,2,62,31.0,4.0,3,63,21.0,4.0,0,0,0.0,0.0
10028,26113,25155,23241,286,10,1264,6,54,294,958,714,18,4,6,0,154,62,8600000US10028,115071.0,6527.0,26113,23955,304,14,1270,6,208,176,62144,353.09,4.25,170,64108,377.11,4.45,122,12552,102.89,3.9
53182,2879,2835,2792,5,9,7,0,0,22,44,27,0,1,1,0,13,2,8600000US53182,31510.0,2445.0,2879,2819,5,10,8,0,13,0,0,0.0,0.0,0,0,0.0,0.0,0,0,0.0,0.0
02762,3009,2985,2902,22,0,47,0,1,13,24,19,0,0,0,0,3,2,8600000US02762,39956.0,3518.0,3009,2921,22,0,47,0,4,2,194,97.0,3.5,2,248,124.0,3.5,4,61,15.25,1.88
48036,9526,9418,8623,586,24,68,1,2,114,108,62,5,2,1,1,23,14,8600000US48036,27786.0,1485.0,9526,8685,591,26,69,2,25,3,48,16.0,3.33,2,98,49.0,2.5,13,141,10.85,2.0
19803,8427,8342,7856,239,8,217,1,6,15,85,65,2,0,0,0,12,6,8600000US19803,50062.0,2561.0,8427,7921,241,8,217,1,18,8,431,53.88,3.5,5,313,62.6,3.2,7,111,15.86,3.29
14414,2514,2493,2419,37,10,7,0,1,19,21,14,1,0,0,0,5,1,8600000US14414,29494.0,1920.0,2514,2433,38,10,7,0,6,1,3,3.0,4.0,0,0,0.0,0.0,2,5,2.5,3.5
45377,6303,6265,6125,45,10,42,2,2,39,38,23,1,0,0,0,10,4,8600000US45377,31258.0,1850.0,6303,6148,46,10,42,2,12,1,18,18.0,4.0,4,27,6.75,3.38,11,67,6.09,2.95
76704,2999,2833,298,2493,5,17,0,0,20,166,50,5,4,0,0,103,4,8600000US76704,13423.0,1913.0,2999,348,2498,9,17,0,103,3,104,34.67,2.67,34,1360,40.0,4.16,23,539,23.43,2.89
33764,10807,10461,10039,201,12,118,2,6,83,346,255,11,2,0,0,68,10,8600000US33764,35057.0,4616.0,10807,10294,212,14,118,2,74,3,97,32.33,3.5,7,127,18.14,3.64,15,234,15.6,2.53
29902,9098,8847,6733,1935,21,70,10,3,75,251,113,22,3,1,0,95,17,8600000US29902,27415.0,2795.0,9098,6846,1957,24,71,10,98,0,0,0.0,0.0,1,36,36.0,4.0,0,0,0.0,0.0
94708,4676,4557,4022,87,7,337,1,13,90,119,72,1,5,0,1,20,20,8600000US94708,88763.0,8249.0,4676,4094,88,12,337,2,33,28,7643,272.96,3.55,37,10291,278.14,3.81,23,4413,191.87,3.15
07728,17798,16667,14984,890,6,650,2,14,121,1131,786,33,19,4,1,203,85,8600000US07728,41667.0,1581.0,17798,15770,923,25,654,3,217,8,316,39.5,3.12,14,601,42.93,3.5,11,219,19.91,3.09
38401,19366,18910,15710,3006,35,52,2,10,95,456,194,13,5,0,0,195,49,8600000US38401,24437.0,834.0,19366,15904,3019,40,52,2,205,1,22,22.0,4.0,3,40,13.33,3.0,6,22,3.67,1.33
23504,8114,8036,369,7569,23,11,1,4,59,78,14,38,2,0,2,16,6,8600000US23504,16984.0,1143.0,8114,383,7607,25,11,3,20,15,566,37.73,3.7,15,1661,110.73,3.2,24,682,28.42,2.94
44144,9988,9587,9163,163,18,126,1,8,108,401,182,5,1,0,2,187,24,8600000US44144,23806.0,1502.0,9988,9345,168,19,126,3,195,6,92,15.33,3.42,8,130,16.25,3.06,19,263,13.84,2.58
70501,11216,11121,3970,6986,15,36,1,18,95,95,40,24,3,0,0,17,11,8600000US70501,16779.0,1357.0,11216,4010,7010,18,36,1,35,2,35,17.5,4.75,9,218,24.22,3.11,19,72,3.79,2.95
02852,9164,9046,8781,89,44,66,2,5,59,118,60,3,5,0,2,36,12,8600000US02852,41377.0,2135.0,9164,8841,92,49,66,4,41,2,244,122.0,3.0,1,107,107.0,3.5,2,11,5.5,3.0
93063,16393,14650,13273,204,65,822,21,18,247,1743,990,2,37,10,0,580,124,8600000US93063,36783.0,1261.0,16393,14263,206,102,832,21,598,4,384,96.0,3.38,17,1979,116.41,3.53,16,806,50.38,2.66
84065,8433,8235,8115,11,19,43,16,2,29,198,95,0,2,1,0,80,20,8600000US84065,30488.0,1409.0,8433,8210,11,21,44,16,82,5,281,56.2,2.9,8,451,56.38,2.94,13,134,10.31,2.0
45215,13129,13022,9388,3346,14,158,3,11,102,107,55,8,0,0,0,31,13,8600000US45215,32351.0,3173.0,13129,9443,3354,14,158,3,42,1,15,15.0,3.5,5,39,7.8,3.1,19,149,7.84,2.61
72401,19143,18829,16585,1900,55,115,4,8,162,314,165,13,2,5,2,113,14,8600000US72401,22778.0,1858.0,19143,16750,1913,57,120,6,121,0,0,0.0,0.0,1,13,13.0,3.0,4,9,2.25,3.12
52349,2997,2982,2965,3,4,4,1,0,5,15,10,0,0,0,0,4,1,8600000US52349,32265.0,3446.0,2997,2975,3,4,4,1,4,0,0,0.0,0.0,0,0,0.0,0.0,0,0,0.0,0.0
19018,9813,9722,8831,464,8,347,3,4,65,91,60,1,1,1,0,23,5,8600000US19018,29450.0,1269.0,9813,8891,465,9,348,3,27,19,312,16.42,2.71,3,43,14.33,3.0,14,139,9.93,2.39
52405,10219,10129,9767,176,16,109,5,3,53,90,55,1,1,0,0,20,13,8600000US52405,30046.0,1444.0,10219,9822,177,17,109,5,23,0,0,0.0,0.0,2,3,1.5,4.5,0,0,0.0,0.0
55421,11410,11217,10377,289,132,259,3,8,149,193,101,4,5,1,0,62,20,8600000US55421,27960.0,1475.0,11410,10478,293,137,260,3,70,5,249,49.8,3.1,15,365,24.33,3.57,15,187,12.47,2.53
35565,5861,5766,5675,33,11,6,0,0,41,95,27,0,0,2,0,63,3,8600000US35565,18277.0,1634.0,5861,5702,33,11,8,0,63,2,3,1.5,2.5,4,12,3.0,3.5,4,8,2.0,1.38
16146,6817,6784,6010,678,13,11,2,3,67,33,19,4,0,0,0,2,8,8600000US16146,20673.0,1594.0,6817,6029,682,13,11,2,5,1,6,6.0,4.0,2,28,14.0,3.25,6,21,3.5,2.83
85706,20190,7606,6449,457,436,100,7,17,140,12584,5843,48,218,15,5,5939,516,8600000US85706,13294.0,514.0,20190,12292,505,654,115,12,5956,1,50,50.0,3.5,17,479,28.18,3.56,16,147,9.19,2.91
30121,5500,5393,4868,447,12,31,1,1,33,107,51,0,3,0,0,44,9,8600000US30121,25301.0,2601.0,5500,4919,447,15,31,1,45,2,26,13.0,3.5,5,211,42.2,3.9,10,91,9.1,2.55
56560,12628,12283,11844,66,143,106,5,2,117,345,142,3,6,1,0,174,19,8600000US56560,26597.0,1007.0,12628,11986,69,149,107,5,176,1,20,20.0,4.0,1,14,14.0,3.5,2,9,4.5,1.75
26416,2747,2734,2652,18,31,6,0,0,27,13,9,0,0,0,0,4,0,8600000US26416,21894.0,2755.0,2747,2661,18,31,6,0,4,1,2,2.0,3.5,1,3,3.0,4.5,2,2,1.0,2.0
98375,4669,4517,4126,107,46,118,15,3,102,152,80,6,2,3,1,49,11,8600000US98375,28107.0,1146.0,4669,4206,113,48,121,16,52,0,0,0.0,0.0,1,135,135.0,3.0,0,0,0.0,0.0
57042,3310,3288,3249,2,15,9,0,0,13,22,10,0,0,0,0,10,2,8600000US57042,27769.0,2984.0,3310,3259,2,15,9,0,10,0,0,0.0,0.0,0,0,0.0,0.0,0,0,0.0,0.0
94595,9920,9751,9273,41,14,329,3,12,79,169,138,0,2,1,0,23,5,8600000US94595,56104.0,2852.0,9920,9411,41,16,330,3,35,5,2246,449.2,3.3,11,2924,265.82,3.55,4,362,90.5,2.88
55404,11156,10110,5270,3194,590,404,11,25,616,1046,359,25,36,2,1,502,121,8600000US55404,21964.0,1379.0,11156,5629,3219,626,406,12,527,29,1467,50.59,3.28,54,5496,101.78,7.11,46,1106,24.04,2.88
27127,10906,10548,7993,2338,25,105,0,11,76,358,145,17,4,0,0,172,20,8600000US27127,24528.0,2198.0,10906,8138,2355,29,105,0,183,0,0,0.0,0.0,0,0,0.0,0.0,0,0,0.0,0.0
12534,7422,7189,6370,645,12,70,2,3,87,233,106,11,1,4,0,82,29,8600000US12534,28782.0,2049.0,7422,6476,656,13,74,2,85,5,56,11.2,3.7,2,258,129.0,2.75,5,22,4.4,2.5
95926,14485,13384,12205,235,127,420,30,41,326,1101,505,7,19,5,1,461,103,8600000US95926,27149.0,2201.0,14485,12710,242,146,425,31,502,14,1539,109.93,3.5,43,2774,64.51,3.71,22,927,42.14,2.68
84124,7702,7499,7208,30,15,154,13,2,77,203,111,1,5,0,0,76,10,8600000US84124,40407.0,2441.0,7702,7319,31,20,154,13,78,5,444,88.8,3.7,11,1165,105.91,3.27,11,113,10.27,2.64
90212,5709,5517,4886,126,5,337,0,20,143,192,120,1,1,2,0,50,18,8600000US90212,73331.0,9300.0,5709,5006,127,6,339,0,70,26,6670,256.54,3.44,59,24024,407.19,6.86,32,2439,76.22,2.72
89703,4098,3951,3730,13,122,41,4,3,38,147,101,0,2,1,0,32,11,8600000US89703,41181.0,3272.0,4098,3831,13,124,42,4,35,0,0,0.0,0.0,0,0,0.0,0.0,0,0,0.0,0.0
75791,3858,3776,3570,154,9,14,1,2,26,82,45,0,3,0,0,30,4,8600000US75791,27936.0,2345.0,3858,3615,154,12,14,1,32,1,10,10.0,3.5,3,30,10.0,3.67,4,22,5.5,2.25
98020,7946,7815,7397,50,40,232,6,7,83,131,75,1,6,2,0,29,18,8600000US98020,56276.0,3843.0,7946,7472,51,46,234,6,36,3,206,68.67,4.17,5,477,95.4,3.3,5,141,28.2,2.9
06082,16418,16181,15614,266,16,171,1,9,104,237,126,11,2,1,1,72,24,8600000US06082,33246.0,1218.0,16418,15740,277,18,172,2,81,6,87,14.5,3.25,4,272,68.0,3.12,9,244,27.11,2.83
70122,17819,17267,4954,11830,22,183,4,76,198,552,305,93,2,1,2,96,53,8600000US70122,24268.0,1050.0,17819,5259,11923,24,184,6,172,4,120,30.0,3.5,2,62,31.0,3.75,18,151,8.39,2.42
84123,13386,12291,11448,170,115,328,85,7,138,1095,528,9,15,2,3,455,83,8600000US84123,25115.0,1122.0,13386,11976,179,130,330,88,462,8,522,65.25,3.0,17,478,28.12,3.35,22,423,19.23,2.64
36695,11931,11747,10377,1055,31,192,6,3,83,184,105,4,2,0,2,62,9,8600000US36695,32067.0,2114.0,11931,10482,1059,33,192,8,65,0,0,0.0,0.0,0,0,0.0,0.0,0,0,0.0,0.0
29479,2539,2518,964,1524,5,3,0,3,19,21,10,4,0,0,0,6,1,8600000US29479,17221.0,1791.0,2539,974,1528,5,3,0,9,0,0,0.0,0.0,0,0,0.0,0.0,0,0,0.0,0.0
78253,3242,2376,2080,186,17,53,4,2,34,866,557,2,3,4,0,266,34,8600000US78253,33321.0,1523.0,3242,2637,188,20,57,4,268,0,0,0.0,0.0,0,0,0.0,0.0,0,0,0.0,0.0
13662,6927,6870,6635,9,155,32,1,2,36,57,39,3,7,0,0,5,3,8600000US13662,26194.0,1888.0,6927,6674,12,162,32,1,7,0,0,0.0,0.0,0,0,0.0,0.0,0,0,0.0,0.0
61606,2887,2833,2116,581,6,69,0,5,56,54,19,2,0,1,0,30,2,8600000US61606,18293.0,2353.0,2887,2135,583,6,70,0,35,3,36,12.0,3.5,9,119,13.22,3.61,16,90,5.62,2.91
41008,2837,2776,2681,61,6,6,0,1,21,61,33,0,0,0,0,27,1,8600000US41008,23175.0,2424.0,2837,2714,61,6,6,0,28,0,0,0.0,0.0,2,53,26.5,3.75,4,21,5.25,1.88
24112,14406,14195,9070,4969,14,54,0,5,83,211,119,31,0,1,0,52,8,8600000US24112,22047.0,929.0,14406,9189,5000,14,55,0,57,1,32,32.0,3.0,4,44,11.0,3.25,9,17,1.89,2.28
27262,9690,9295,7272,1736,41,140,2,5,99,395,178,8,1,2,0,178,28,8600000US27262,24607.0,1787.0,9690,7450,1744,42,142,2,183,8,148,18.5,3.12,9,157,17.44,3.83,14,96,6.86,2.79
01938,5290,5247,5177,14,2,25,0,2,27,43,28,2,0,0,0,10,3,8600000US01938,45228.0,3218.0,5290,5205,16,2,25,0,12,2,56,28.0,3.5,1,199,199.0,3.0,2,11,5.5,2.5
46825,10029,9840,9060,423,32,231,2,9,83,189,89,5,6,0,1,70,18,8600000US46825,28045.0,1304.0,10029,9149,428,38,231,3,79,0,0,0.0,0.0,3,123,41.0,4.0,7,204,29.14,3.14
85033,14911,8158,6227,1331,162,199,16,14,209,6753,2964,37,58,13,8,3359,314,8600000US85033,12037.0,476.0,14911,9191,1368,220,212,24,3373,8,427,53.38,3.5,33,970,29.39,3.3,30,395,13.17,2.35
95678,11771,10178,9371,121,90,353,18,12,213,1593,824,5,35,12,3,592,122,8600000US95678,32495.0,1491.0,11771,10195,126,125,365,21,604,4,703,175.75,2.75,35,4903,140.09,3.51,38,2965,78.03,2.78
92337,7819,3908,2223,1083,36,410,17,10,129,3911,1391,31,54,15,7,2244,169,8600000US92337,22546.0,1061.0,7819,3614,1114,90,425,24,2254,0,0,0.0,0.0,33,2006,60.79,3.56,9,260,28.89,2.61
02903,4299,3734,2762,433,31,297,0,41,170,565,204,25,5,4,3,256,68,8600000US02903,33478.0,3458.0,4299,2966,458,36,301,3,297,26,2914,112.08,3.67,20,2124,106.2,3.85,26,316,12.15,2.81
12304,8349,8058,6791,939,21,158,2,21,126,291,111,37,1,1,0,124,17,8600000US12304,26122.0,1934.0,8349,6902,976,22,159,2,145,10,138,13.8,3.3,4,201,50.25,3.25,11,226,20.55,2.82
19134,19888,14926,12318,1920,33,318,3,11,323,4962,1196,194,51,8,7,3237,269,8600000US19134,14556.0,793.0,19888,13514,2114,84,326,10,3248,24,239,9.96,3.31,8,603,75.38,2.75,23,212,9.22,2.22
49038,4037,3983,3876,46,24,12,0,1,24,54,29,1,1,1,0,18,4,8600000US49038,27674.0,2403.0,4037,3905,47,25,13,0,19,0,0,0.0,0.0,1,38,38.0,4.0,2,23,11.5,2.5
79549,5215,4064,3828,192,12,8,0,0,24,1151,609,3,15,0,0,492,32,8600000US79549,23721.0,1801.0,5215,4437,195,27,8,0,492,0,0,0.0,0.0,0,0,0.0,0.0,0,0,0.0,0.0
08110,5131,4207,2359,1490,33,226,2,8,89,924,311,41,5,3,0,520,44,8600000US08110,24171.0,1719.0,5131,2670,1531,38,229,2,528,7,52,7.43,3.0,2,131,65.5,3.5,11,90,8.18,2.5
54880,12907,12838,12392,47,240,54,1,1,103,69,38,1,3,0,0,18,9,8600000US54880,26378.0,969.0,12907,12430,48,243,54,1,19,0,0,0.0,0.0,0,0,0.0,0.0,0,0,0.0,0.0
