zip_code,total,non_hispanic_tot,Not Hispanic or Latino householder: - Householder who is White alone,Not Hispanic or Latino householder: - Householder who is Black or African American alone,Not Hispanic or Latino householder: - Householder who is American Indian and Alaska Native alone,Not Hispanic or Latino householder: - Householder who is Asian alone,Not Hispanic or Latino householder: - Householder who is Native Hawaiian and Other Pacific Islander alone,Not Hispanic or Latino householder: - Householder who is Some other race alone,Not Hispanic or Latino householder: - Householder who is Two or more races,hispanic_tot,Hispanic or Latino householder: - Householder who is White alone,Hispanic or Latino householder: - Householder who is Black or African American alone,Hispanic or Latino householder: - Householder who is American Indian and Alaska Native alone,Hispanic or Latino householder: - Householder who is Asian alone,Hispanic or Latino householder: - Householder who is Native Hawaiian and Other Pacific Islander alone,Hispanic or Latino householder: - Householder who is Some other race alone,Hispanic or Latino householder: - Householder who is Two or more races,Id_zip,per_capita_income_2017_estimate,per_capita_income_2017_margin,white_tot,black_tot,indian_tot,asian_tot,native_tot,other_tot,mixed_tot
21075,7299,7173,5974,718,26,353,2,7,93,126,67,4,0,3,0,38,14,8600000US21075,41396.0,1900.0,7299,6041,722,26,356,2,45
39341,2880,2859,963,1876,7,2,0,2,9,21,7,9,0,0,0,5,0,8600000US39341,14771.0,1914.0,2880,970,1885,7,2,0,7
55092,3163,3150,3111,7,10,7,0,0,15,13,8,0,1,0,0,3,1,8600000US55092,34118.0,2206.0,3163,3119,7,11,7,0,3
32960,9312,8927,8339,395,17,85,2,4,85,385,266,12,0,1,0,92,14,8600000US32960,26184.0,3657.0,9312,8605,407,17,86,2,96
71129,5057,4963,3140,1729,26,26,1,3,38,94,58,4,1,1,0,21,9,8600000US71129,24079.0,3216.0,5057,3198,1733,27,27,1,24
82716,5609,5421,5298,5,51,15,6,2,44,188,99,1,6,2,0,71,9,8600000US82716,31490.0,2662.0,5609,5397,6,57,17,6,73
44507,3298,3123,1196,1837,12,10,2,1,65,175,72,15,2,0,0,67,19,8600000US44507,10741.0,1143.0,3298,1268,1852,14,10,2,68
31639,3698,3646,3215,378,12,9,1,2,29,52,28,1,1,0,0,22,0,8600000US31639,18877.0,1291.0,3698,3243,379,13,9,1,24
14072,6898,6840,6587,126,18,68,0,2,39,58,41,0,1,0,1,12,3,8600000US14072,37646.0,2551.0,6898,6628,126,19,68,1,14
63118,11255,10938,5429,4898,51,323,3,12,222,317,157,20,3,3,1,112,21,8600000US63118,20764.0,1365.0,11255,5586,4918,54,326,4,124
45669,4046,4026,3955,22,8,9,0,0,32,20,18,0,0,0,0,1,1,8600000US45669,26212.0,1744.0,4046,3973,22,8,9,0,1
92504,15348,11460,9509,1042,95,463,40,23,288,3888,1490,32,62,7,7,2075,215,8600000US92504,23031.0,1044.0,15348,10999,1074,157,470,47,2098
52302,11126,11056,10876,56,17,68,3,1,35,70,43,1,0,0,0,22,4,8600000US52302,33860.0,1348.0,11126,10919,57,17,68,3,23
07203,7520,6573,2705,3473,13,181,2,20,179,947,510,61,5,1,1,298,71,8600000US07203,26114.0,1756.0,7520,3215,3534,18,182,3,318
92054,27573,20814,16665,2234,193,827,206,38,651,6759,2819,89,103,36,12,3274,426,8600000US92054,30802.0,3089.0,27573,19484,2323,296,863,218,3312
29449,2630,2599,1131,1446,9,4,0,1,8,31,10,2,1,0,1,17,0,8600000US29449,36025.0,7984.0,2630,1141,1448,10,4,1,18
19063,14433,14316,13237,729,6,272,1,9,62,117,84,6,1,0,0,14,12,8600000US19063,53051.0,3021.0,14433,13321,735,7,272,1,23
21078,6277,6187,5262,774,20,64,7,4,56,90,44,5,1,0,2,26,12,8600000US21078,41351.0,2159.0,6277,5306,779,21,64,9,30
08837,6095,5726,4346,396,6,865,1,14,98,369,229,15,1,0,0,103,21,8600000US08837,37819.0,3130.0,6095,4575,411,7,865,1,117
15853,3011,3002,2970,5,1,12,0,2,12,9,9,0,0,0,0,0,0,8600000US15853,26210.0,2010.0,3011,2979,5,1,12,0,2
32409,2742,2724,2631,6,40,7,1,0,39,18,13,0,0,0,0,4,1,8600000US32409,25859.0,3311.0,2742,2644,6,40,7,1,4
60173,5873,5644,3918,293,6,1340,4,8,75,229,146,4,0,2,0,66,11,8600000US60173,44561.0,3005.0,5873,4064,297,6,1342,4,74
91203,5380,4389,2789,126,6,837,3,14,614,991,493,8,9,6,1,417,57,8600000US91203,28105.0,2591.0,5380,3282,134,15,843,4,431
37388,9512,9413,8762,495,24,60,1,1,70,99,55,2,2,2,0,32,6,8600000US37388,25835.0,1749.0,9512,8817,497,26,62,1,33
06883,3312,3258,3170,30,2,43,3,1,9,54,47,0,1,0,0,4,2,8600000US06883,95534.0,7539.0,3312,3217,30,3,43,3,5
94552,4481,4198,2687,160,9,1231,9,7,95,283,161,1,1,5,0,90,25,8600000US94552,60316.0,4980.0,4481,2848,161,10,1236,9,97
19446,20014,19707,17753,675,14,1111,6,10,138,307,217,4,1,3,0,59,23,8600000US19446,43859.0,1586.0,20014,17970,679,15,1114,6,69
91106,10532,8624,5663,988,29,1611,13,32,288,1908,874,26,30,9,2,816,151,8600000US91106,49974.0,4001.0,10532,6537,1014,59,1620,15,848
75189,3435,3072,2871,126,22,16,0,1,36,363,201,1,4,0,1,148,8,8600000US75189,30692.0,2083.0,3435,3072,127,26,16,1,149
84098,4685,4541,4435,8,13,41,2,7,35,144,77,0,2,0,0,53,12,8600000US84098,61668.0,4195.0,4685,4512,8,15,41,2,60
71232,2597,2563,1534,1006,5,7,0,0,11,34,14,9,0,0,0,10,1,8600000US71232,20332.0,1525.0,2597,1548,1015,5,7,0,10
19963,6042,5833,5023,678,25,37,1,5,64,209,84,9,2,2,1,100,11,8600000US19963,28345.0,1672.0,6042,5107,687,27,39,2,105
77038,5920,3297,1273,1577,14,353,6,4,70,2623,1139,15,19,3,1,1317,129,8600000US77038,15165.0,940.0,5920,2412,1592,33,356,7,1321
37745,7175,7126,6902,157,14,20,0,3,30,49,22,0,2,0,0,22,3,8600000US37745,24699.0,2922.0,7175,6924,157,16,20,0,25
65101,10119,10030,8778,1025,42,79,1,6,99,89,44,2,2,0,0,32,9,8600000US65101,23973.0,1085.0,10119,8822,1027,44,79,1,38
70131,10327,9941,5493,3904,26,408,2,6,102,386,224,23,4,0,0,106,29,8600000US70131,28174.0,1643.0,10327,5717,3927,30,408,2,112
75089,5977,5554,4772,558,22,138,3,4,57,423,195,7,5,1,1,187,27,8600000US75089,34996.0,2496.0,5977,4967,565,27,139,4,191
51632,2577,2569,2520,11,5,16,1,0,16,8,6,0,0,0,0,1,1,8600000US51632,24136.0,2865.0,2577,2526,11,5,16,1,1
28777,3938,3886,3840,10,7,7,0,2,20,52,22,0,7,0,0,19,4,8600000US28777,19382.0,1936.0,3938,3862,10,14,7,0,21
07921,4063,3961,3682,68,2,185,1,7,16,102,86,1,0,0,0,10,5,8600000US07921,70402.0,6162.0,4063,3768,69,2,185,1,17
31052,2527,2509,2057,422,6,11,0,1,12,18,14,2,0,0,0,2,0,8600000US31052,26757.0,2835.0,2527,2071,424,6,11,0,3
23235,11937,11772,10075,1390,29,185,2,11,80,165,78,4,1,0,0,67,15,8600000US23235,37789.0,1827.0,11937,10153,1394,30,185,2,78
43201,14980,14616,10460,2794,56,912,9,39,346,364,181,23,7,1,0,112,40,8600000US43201,21053.0,1584.0,14980,10641,2817,63,913,9,151
04086,3424,3392,3294,35,5,27,2,1,28,32,20,1,0,1,0,8,2,8600000US04086,33770.0,2167.0,3424,3314,36,5,28,2,9
16301,7222,7196,7114,33,10,11,4,3,21,26,23,0,1,0,0,1,1,8600000US16301,24825.0,2115.0,7222,7137,33,11,11,4,4
54162,2637,2626,2597,3,17,5,0,0,4,11,9,0,0,1,0,1,0,8600000US54162,28511.0,1461.0,2637,2606,3,17,6,0,1
44224,13971,13884,13301,251,20,227,1,5,79,87,55,3,1,0,0,18,10,8600000US44224,35900.0,1480.0,13971,13356,254,21,227,1,23
01970,17492,16190,15336,345,21,259,5,37,187,1302,353,87,10,5,0,737,110,8600000US01970,35379.0,2036.0,17492,15689,432,31,264,5,774
97850,6622,6504,6220,33,47,57,35,31,81,118,50,4,6,2,1,41,14,8600000US97850,26790.0,1873.0,6622,6270,37,53,59,36,72
10451,14813,7733,375,6826,47,183,1,60,241,7080,2439,815,98,42,6,2987,693,8600000US10451,19116.0,2001.0,14813,2814,7641,145,225,7,3047
64014,8148,7980,7599,209,44,63,8,0,57,168,98,1,3,0,2,56,8,8600000US64014,32365.0,3943.0,8148,7697,210,47,63,10,56
11226,35684,31230,1456,27370,62,847,12,128,1355,4454,955,1572,39,8,5,1450,425,8600000US11226,24798.0,963.0,35684,2411,28942,101,855,17,1578
27401,7494,7314,2054,5065,29,64,1,11,90,180,61,19,2,0,0,90,8,8600000US27401,17442.0,1393.0,7494,2115,5084,31,64,1,101
24450,5740,5706,5311,322,17,37,0,1,18,34,25,2,0,0,0,5,2,8600000US24450,28602.0,3391.0,5740,5336,324,17,37,0,6
34104,8418,7690,7324,193,12,83,1,2,75,728,545,11,6,0,0,135,31,8600000US34104,30266.0,2135.0,8418,7869,204,18,83,1,137
34145,7327,7149,7076,11,5,33,0,3,21,178,160,0,2,0,1,12,3,8600000US34145,58716.0,5128.0,7327,7236,11,7,33,1,15
30180,6514,6453,5751,621,27,20,4,1,29,61,34,1,0,1,0,22,3,8600000US30180,26897.0,2062.0,6514,5785,622,27,21,4,23
48071,13299,13121,11840,304,51,629,4,18,275,178,125,1,6,3,1,32,10,8600000US48071,27689.0,2535.0,13299,11965,305,57,632,5,50
40484,4442,4412,4155,220,7,2,0,0,28,30,20,1,1,0,0,6,2,8600000US40484,21194.0,1713.0,4442,4175,221,8,2,0,6
95376,20687,16251,13101,1031,136,1239,87,50,607,4436,1894,26,68,25,9,2095,319,8600000US95376,26140.0,893.0,20687,14995,1057,204,1264,96,2145
95762,7236,6954,6489,52,30,253,10,18,102,282,179,0,7,6,1,69,20,8600000US95762,53185.0,2610.0,7236,6668,52,37,259,11,87
22030,13160,12325,9880,641,31,1526,3,18,226,835,431,15,5,3,0,320,61,8600000US22030,46182.0,1593.0,13160,10311,656,36,1529,3,338
31707,16955,16785,10703,5820,28,144,4,8,78,170,102,20,3,0,0,42,3,8600000US31707,21667.0,1320.0,16955,10805,5840,31,144,4,50
66701,4992,4950,4703,168,28,16,1,1,33,42,27,2,2,0,0,6,5,8600000US66701,20130.0,1170.0,4992,4730,170,30,16,1,7
28403,13915,13625,11693,1615,53,135,6,10,113,290,156,27,3,1,1,79,23,8600000US28403,25146.0,1534.0,13915,11849,1642,56,136,7,89
43050,10645,10589,10351,88,33,38,3,2,74,56,37,2,1,0,0,12,4,8600000US43050,24093.0,1020.0,10645,10388,90,34,38,3,14
15236,12561,12511,12160,236,5,65,1,3,41,50,35,2,0,2,0,5,6,8600000US15236,33015.0,1391.0,12561,12195,238,5,67,1,8
60542,4166,3899,3629,164,6,73,0,2,25,267,162,2,4,0,1,92,6,8600000US60542,38941.0,5502.0,4166,3791,166,10,73,1,94
13778,2516,2509,2483,4,3,3,0,0,16,7,5,0,0,0,0,1,1,8600000US13778,27425.0,2145.0,2516,2488,4,3,3,0,1
33619,8828,7415,4200,2986,46,45,2,12,124,1413,876,61,5,1,0,374,96,8600000US33619,18502.0,1471.0,8828,5076,3047,51,46,2,386
44104,10774,10719,293,10282,14,8,2,14,106,55,13,30,1,0,1,8,2,8600000US44104,10490.0,700.0,10774,306,10312,15,8,3,22
18071,4013,3953,3929,2,6,3,1,0,12,60,44,0,1,0,0,11,4,8600000US18071,27125.0,2192.0,4013,3973,2,7,3,1,11
23851,5347,5326,2823,2438,9,21,0,3,32,21,5,9,1,0,0,3,3,8600000US23851,25630.0,1816.0,5347,2828,2447,10,21,0,6
85248,14688,13951,13071,270,130,369,8,12,91,737,406,4,24,3,1,265,34,8600000US85248,44077.0,1712.0,14688,13477,274,154,372,9,277
02818,7373,7327,7108,42,5,126,1,3,42,46,29,0,0,1,0,12,4,8600000US02818,57183.0,3990.0,7373,7137,42,5,127,1,15
32084,9314,9135,8571,393,29,62,1,9,70,179,141,2,4,2,1,22,7,8600000US32084,25685.0,1558.0,9314,8712,395,33,64,2,31
30701,10836,10185,9523,505,15,59,3,4,76,651,169,2,6,2,4,446,22,8600000US30701,21149.0,1258.0,10836,9692,507,21,61,7,450
85281,20173,16618,13884,584,348,1282,44,39,437,3555,1501,29,58,12,1,1724,230,8600000US85281,19452.0,1078.0,20173,15385,613,406,1294,45,1763
18049,7117,7063,6892,32,4,105,0,3,27,54,25,2,1,0,0,25,1,8600000US18049,34683.0,1862.0,7117,6917,34,5,105,0,28
29322,2926,2890,2709,153,6,12,1,0,9,36,14,1,1,0,1,19,0,8600000US29322,27499.0,4297.0,2926,2723,154,7,12,2,19
68108,5227,4310,3973,152,57,40,0,2,86,917,289,5,12,2,0,566,43,8600000US68108,17580.0,1326.0,5227,4262,157,69,42,0,568
32134,3490,3450,3340,46,35,2,0,0,27,40,37,0,0,0,0,2,1,8600000US32134,19592.0,2273.0,3490,3377,46,35,2,0,2
87035,2548,1784,1665,15,47,3,3,17,34,764,307,5,13,0,0,379,60,8600000US87035,19799.0,2129.0,2548,1972,20,60,3,3,396
15668,4847,4838,4638,33,2,148,0,1,16,9,6,0,0,0,0,3,0,8600000US15668,48984.0,2846.0,4847,4644,33,2,148,0,4
36832,8472,8392,6154,1951,29,198,2,6,52,80,41,9,0,0,3,24,3,8600000US36832,21675.0,2898.0,8472,6195,1960,29,198,5,30
29715,7679,7600,6887,624,24,26,3,2,34,79,41,2,0,1,0,30,5,8600000US29715,33104.0,1399.0,7679,6928,626,24,27,3,32
68132,6146,5976,5259,430,22,173,1,4,87,170,69,1,2,0,1,84,13,8600000US68132,39227.0,3631.0,6146,5328,431,24,173,2,88
29728,3377,3273,2200,1037,11,9,1,1,14,104,15,4,0,0,0,81,4,8600000US29728,18884.0,2214.0,3377,2215,1041,11,9,1,82
13041,3363,3332,3146,104,28,29,0,2,23,31,20,2,1,0,0,8,0,8600000US13041,35174.0,2355.0,3363,3166,106,29,29,0,10
07417,3322,3246,3029,25,2,173,0,1,16,76,64,0,0,1,0,8,3,8600000US07417,78710.0,6962.0,3322,3093,25,2,174,0,9
48382,6541,6480,6346,34,18,49,0,2,31,61,47,0,1,0,0,12,1,8600000US48382,43410.0,2010.0,6541,6393,34,19,49,0,14
72761,5778,5374,5037,5,199,25,1,1,106,404,197,3,7,0,0,155,42,8600000US72761,21146.0,1276.0,5778,5234,8,206,25,1,156
74467,5446,5375,4266,297,545,8,1,0,258,71,36,0,5,0,0,24,6,8600000US74467,21973.0,1045.0,5446,4302,297,550,8,1,24
30401,4676,4596,2989,1568,9,9,0,5,16,80,22,0,0,0,0,56,2,8600000US30401,17919.0,1491.0,4676,3011,1568,9,9,0,61
98101,5924,5638,4313,525,98,458,12,22,210,286,126,10,8,4,0,101,37,8600000US98101,70914.0,5459.0,5924,4439,535,106,462,12,123
14301,6438,6295,5036,1039,101,30,1,8,80,143,65,12,6,3,2,49,6,8600000US14301,16926.0,1658.0,6438,5101,1051,107,33,3,57
12180,21001,20447,17617,1877,41,628,2,29,253,554,198,61,7,3,1,246,38,8600000US12180,28963.0,1263.0,21001,17815,1938,48,631,3,275
55406,15120,14686,12669,1133,271,236,6,38,333,434,172,8,6,3,1,216,28,8600000US55406,36697.0,1410.0,15120,12841,1141,277,239,7,254
32819,8553,7857,6143,986,13,478,22,32,183,696,493,7,2,5,2,143,44,8600000US32819,39592.0,3434.0,8553,6636,993,15,483,24,175
61032,13636,13477,11967,1297,25,83,4,4,97,159,70,3,1,0,1,69,15,8600000US61032,24939.0,1274.0,13636,12037,1300,26,83,5,73
98948,3555,1799,1111,15,573,20,1,4,75,1756,373,6,26,4,0,1286,61,8600000US98948,14517.0,878.0,3555,1484,21,599,24,1,1290
78628,10005,9401,9109,162,23,36,1,5,65,604,325,2,8,1,2,240,26,8600000US78628,42420.0,2323.0,10005,9434,164,31,37,3,245
28694,2964,2895,2859,18,3,5,0,0,10,69,33,0,8,0,0,27,1,8600000US28694,29747.0,3860.0,2964,2892,18,11,5,0,27
11793,11037,10740,10454,44,4,181,0,6,51,297,246,1,0,1,0,36,13,8600000US11793,48910.0,3070.0,11037,10700,45,4,182,0,42
04210,9772,9725,9534,41,26,41,1,1,81,47,36,1,0,0,0,5,5,8600000US04210,27362.0,1346.0,9772,9570,42,26,41,1,6
68467,3801,3761,3710,19,2,10,1,1,18,40,18,1,0,1,0,17,3,8600000US68467,27208.0,1848.0,3801,3728,20,2,11,1,18
30338,12267,12015,10476,588,17,811,2,11,110,252,185,8,0,4,1,40,14,8600000US30338,52366.0,2513.0,12267,10661,596,17,815,3,51
33540,8227,7963,7630,184,31,53,0,5,60,264,147,5,8,2,0,89,13,8600000US33540,23277.0,2060.0,8227,7777,189,39,55,0,94
08618,13658,13012,3723,8963,26,79,3,18,200,646,223,95,6,1,3,265,53,8600000US08618,21224.0,1059.0,13658,3946,9058,32,80,6,283
61761,15108,14821,13351,1019,26,313,3,9,100,287,151,8,2,2,0,104,20,8600000US61761,27035.0,1232.0,15108,13502,1027,28,315,3,113
53227,10994,10793,10324,154,33,212,1,2,67,201,121,2,2,0,1,59,16,8600000US53227,28638.0,1103.0,10994,10445,156,35,212,2,61
33872,9503,9074,8771,158,15,73,3,5,49,429,312,13,1,2,0,71,30,8600000US33872,25145.0,1846.0,9503,9083,171,16,75,3,76
58102,13198,13063,12450,76,166,243,5,13,110,135,69,4,6,2,1,45,8,8600000US58102,29806.0,1440.0,13198,12519,80,172,245,6,58
45208,8730,8642,7949,476,7,156,1,9,44,88,54,4,0,0,0,23,7,8600000US45208,64309.0,3593.0,8730,8003,480,7,156,1,32
44035,26165,25647,22263,2913,57,111,2,22,279,518,273,19,9,1,0,169,47,8600000US44035,24286.0,734.0,26165,22536,2932,66,112,2,191
76008,2848,2778,2726,12,10,17,0,1,12,70,38,0,2,0,0,27,3,8600000US76008,50137.0,3537.0,2848,2764,12,12,17,0,28
16801,15890,15572,13713,386,12,1282,5,21,153,318,175,11,5,5,0,105,17,8600000US16801,28531.0,1604.0,15890,13888,397,17,1287,5,126
08270,2650,2451,2155,266,5,3,1,0,21,199,96,4,1,0,0,87,11,8600000US08270,27559.0,2056.0,2650,2251,270,6,3,1,87
08753,22983,22206,21433,250,22,363,2,8,128,777,576,10,7,2,1,137,44,8600000US08753,36024.0,1177.0,22983,22009,260,29,365,3,145
74134,5228,4899,3850,496,220,177,5,3,148,329,132,1,6,0,0,160,30,8600000US74134,26103.0,1486.0,5228,3982,497,226,177,5,163
55443,8892,8713,6743,1299,35,506,3,10,117,179,73,9,4,1,0,76,16,8600000US55443,31712.0,1794.0,8892,6816,1308,39,507,3,86
78744,10058,4954,3400,1217,36,162,7,12,120,5104,2040,40,64,5,2,2758,195,8600000US78744,18572.0,1014.0,10058,5440,1257,100,167,9,2770
35757,2651,2610,2154,388,16,16,1,0,35,41,26,2,0,0,0,11,2,8600000US35757,36944.0,2488.0,2651,2180,390,16,16,1,11
40206,9511,9387,8324,818,21,117,6,5,96,124,78,3,2,2,0,27,12,8600000US40206,37319.0,1843.0,9511,8402,821,23,119,6,32
27610,14937,14054,3357,10420,44,67,2,15,149,883,248,72,8,0,1,483,71,8600000US27610,20280.0,887.0,14937,3605,10492,52,67,3,498
32257,14856,14231,12429,1163,39,407,5,16,172,625,437,18,4,2,0,123,41,8600000US32257,31003.0,1876.0,14856,12866,1181,43,409,5,139
99504,13500,12963,9867,1280,887,407,80,29,413,537,236,33,19,6,5,193,45,8600000US99504,33506.0,1651.0,13500,10103,1313,906,413,85,222
14043,10789,10727,10561,80,18,35,0,3,30,62,43,0,2,1,0,12,4,8600000US14043,31253.0,1247.0,10789,10604,80,20,36,0,15
06070,5231,5167,4993,58,0,92,2,3,19,64,51,2,0,0,0,8,3,8600000US06070,57761.0,3588.0,5231,5044,60,0,92,2,11
30188,12971,12585,11977,353,36,93,2,8,116,386,200,3,3,3,1,162,14,8600000US30188,34896.0,1494.0,12971,12177,356,39,96,3,170
62052,4757,4737,4700,2,7,6,0,0,22,20,15,0,1,0,0,4,0,8600000US62052,26477.0,1982.0,4757,4715,2,8,6,0,4
32054,2762,2722,2330,364,12,4,0,1,11,40,23,1,0,1,0,13,2,8600000US32054,15483.0,1622.0,2762,2353,365,12,5,0,14
79360,3369,2482,2396,40,8,7,0,0,31,887,492,3,14,0,1,327,50,8600000US79360,23303.0,3273.0,3369,2888,43,22,7,1,327
24301,6516,6453,5993,388,10,15,0,3,44,63,29,1,2,0,2,25,4,8600000US24301,23938.0,1666.0,6516,6022,389,12,15,2,28
33012,24293,1604,1396,84,3,79,0,3,39,22689,20710,266,13,7,2,937,754,8600000US33012,16298.0,679.0,24293,22106,350,16,86,2,940
83702,10255,9947,9578,61,53,88,16,12,139,308,185,3,9,3,0,81,27,8600000US83702,47094.0,3644.0,10255,9763,64,62,91,16,93
44647,6940,6902,6747,90,14,6,0,1,44,38,27,0,0,0,0,7,4,8600000US44647,23878.0,1030.0,6940,6774,90,14,6,0,8
92007,4395,4037,3774,29,18,107,7,11,91,358,204,3,2,2,0,124,23,8600000US92007,60585.0,6705.0,4395,3978,32,20,109,7,135
54801,2719,2708,2661,8,21,1,1,1,15,11,7,0,1,0,0,2,1,8600000US54801,28115.0,2045.0,2719,2668,8,22,1,1,3
48042,5379,5326,5208,33,7,38,0,2,38,53,37,0,1,1,0,10,4,8600000US48042,36147.0,1705.0,5379,5245,33,8,39,0,12
91977,17904,14123,9942,2393,108,1036,119,37,488,3781,1587,59,63,34,11,1787,240,8600000US91977,24481.0,826.0,17904,11529,2452,171,1070,130,1824
08057,7077,6988,6329,411,10,180,1,9,48,89,59,8,0,0,0,18,4,8600000US08057,66698.0,6008.0,7077,6388,419,10,180,1,27
47150,19177,19020,17639,1108,46,72,8,4,143,157,69,7,3,0,2,70,6,8600000US47150,26726.0,1184.0,19177,17708,1115,49,72,10,74
07716,3520,3431,3193,151,1,62,0,0,24,89,65,0,0,2,0,16,6,8600000US07716,54464.0,5912.0,3520,3258,151,1,64,0,16
30606,15009,14442,10875,3116,23,302,6,15,105,567,278,14,4,3,1,243,24,8600000US30606,29876.0,1847.0,15009,11153,3130,27,305,7,258
48609,4792,4695,4632,12,11,14,0,2,24,97,60,0,1,0,0,29,7,8600000US48609,32458.0,3418.0,4792,4692,12,12,14,0,31
23188,9107,8991,7508,1257,35,97,4,4,86,116,70,7,0,2,0,28,9,8600000US23188,38984.0,1647.0,9107,7578,1264,35,99,4,32
93637,8903,5244,4587,249,75,167,4,12,150,3659,1391,12,69,5,0,1955,227,8600000US93637,19508.0,1063.0,8903,5978,261,144,172,4,1967
99205,17953,17630,16774,200,191,176,20,10,259,323,185,6,17,5,0,77,33,8600000US99205,24155.0,1369.0,17953,16959,206,208,181,20,87
15902,5898,5840,5460,328,8,9,2,2,31,58,36,6,1,1,0,9,5,8600000US15902,19263.0,889.0,5898,5496,334,9,10,2,11
92553,16280,10285,5391,3542,70,798,76,26,382,5995,2204,67,92,17,8,3257,350,8600000US92553,15934.0,579.0,16280,7595,3609,162,815,84,3283
89433,6476,5567,5127,114,85,108,26,2,105,909,427,3,17,1,4,397,60,8600000US89433,19472.0,1166.0,6476,5554,117,102,109,30,399
44305,9858,9789,8270,1345,25,38,0,6,105,69,38,4,4,0,0,14,9,8600000US44305,20232.0,1394.0,9858,8308,1349,29,38,0,20
90255,18575,1359,979,123,42,153,3,7,52,17216,7306,60,166,9,11,8721,943,8600000US90255,13886.0,513.0,18575,8285,183,208,162,14,8728
77583,3204,2378,1678,517,12,121,0,4,46,826,404,5,6,1,0,374,36,8600000US77583,18620.0,1545.0,3204,2082,522,18,122,0,378
43302,20147,19981,19072,621,34,111,2,6,135,166,107,4,1,0,0,47,7,8600000US43302,21640.0,1002.0,20147,19179,625,35,111,2,53
80229,14352,10740,10017,208,115,182,17,14,187,3612,1570,9,83,8,2,1741,199,8600000US80229,21738.0,795.0,14352,11587,217,198,190,19,1755
43228,19458,18482,16307,1624,56,267,5,9,214,976,426,24,6,1,1,460,58,8600000US43228,22765.0,1008.0,19458,16733,1648,62,268,6,469
71334,3464,3441,1687,1717,8,6,0,1,22,23,11,9,0,0,0,2,1,8600000US71334,16023.0,3085.0,3464,1698,1726,8,6,0,3
02127,13791,13038,12185,290,35,373,2,14,139,753,225,82,4,4,1,362,75,8600000US02127,55042.0,2183.0,13791,12410,372,39,377,3,376
72076,14564,14238,11130,2643,69,178,10,10,198,326,169,12,7,0,1,109,28,8600000US72076,21303.0,1096.0,14564,11299,2655,76,178,11,119
73075,3592,3453,3025,129,193,7,1,2,96,139,57,0,4,0,0,71,7,8600000US73075,22648.0,1996.0,3592,3082,129,197,7,1,73
67060,4123,4041,3900,13,40,15,1,1,71,82,37,0,1,0,0,34,10,8600000US67060,24290.0,1254.0,4123,3937,13,41,15,1,35
01504,3235,3210,3147,9,9,16,0,0,29,25,17,0,2,0,0,5,1,8600000US01504,35249.0,2078.0,3235,3164,9,11,16,0,5
13209,5668,5594,5475,31,31,10,2,0,45,74,58,2,4,1,0,5,4,8600000US13209,26682.0,1085.0,5668,5533,33,35,11,2,5
22960,3618,3593,2898,674,3,5,0,0,13,25,17,1,1,0,0,2,4,8600000US22960,28253.0,3359.0,3618,2915,675,4,5,0,2
55446,4537,4486,4205,61,13,187,0,1,19,51,34,1,0,0,0,10,6,8600000US55446,52988.0,3459.0,4537,4239,62,13,187,0,11
97213,12677,12313,10822,371,74,748,25,21,252,364,183,7,10,3,0,131,30,8600000US97213,38435.0,1775.0,12677,11005,378,84,751,25,152
76520,3225,2743,2219,484,19,1,0,1,19,482,278,4,7,1,0,170,22,8600000US76520,23023.0,2709.0,3225,2497,488,26,2,0,171
39520,6858,6753,6024,541,56,49,4,5,74,105,78,0,1,1,0,13,12,8600000US39520,21825.0,1793.0,6858,6102,541,57,50,4,18
07060,16161,12677,6225,5547,27,519,7,32,320,3484,1496,190,19,3,2,1419,355,8600000US07060,24802.0,1419.0,16161,7721,5737,46,522,9,1451
18504,9403,9341,9225,59,3,24,1,3,26,62,34,2,0,0,0,21,5,8600000US18504,22873.0,1864.0,9403,9259,61,3,24,1,24
07849,2660,2575,2519,19,2,14,0,1,20,85,61,1,0,0,0,18,5,8600000US07849,42821.0,4024.0,2660,2580,20,2,14,0,19
80124,4431,4285,4046,65,9,130,1,2,32,146,92,1,2,0,0,40,11,8600000US80124,59119.0,3336.0,4431,4138,66,11,130,1,42
60188,14813,13791,11705,667,10,1255,0,14,140,1022,560,6,6,7,0,390,53,8600000US60188,33105.0,1052.0,14813,12265,673,16,1262,0,404
22303,6812,6167,4738,898,18,371,5,5,132,645,283,24,3,3,1,278,53,8600000US22303,54665.0,3054.0,6812,5021,922,21,374,6,283
97009,4557,4472,4319,10,38,54,2,2,47,85,32,0,2,0,0,45,6,8600000US97009,33728.0,3349.0,4557,4351,10,40,54,2,47
11776,7400,6966,6513,123,4,246,1,5,74,434,274,10,1,1,1,119,28,8600000US11776,37480.0,2205.0,7400,6787,133,5,247,2,124
31601,10836,10655,4520,5979,29,40,2,6,79,181,79,19,3,2,0,66,12,8600000US31601,14747.0,1202.0,10836,4599,5998,32,42,2,72
44053,7289,6733,5976,624,10,41,0,3,79,556,250,13,7,0,2,243,41,8600000US44053,27438.0,2438.0,7289,6226,637,17,41,2,246
77836,4062,3624,3039,525,14,2,1,1,42,438,147,2,8,0,0,267,14,8600000US77836,27416.0,1912.0,4062,3186,527,22,2,1,268
40744,6469,6443,6337,27,21,21,0,0,37,26,22,0,0,0,1,3,0,8600000US40744,20770.0,1676.0,6469,6359,27,21,21,1,3
78741,17080,10349,7225,1549,53,1100,14,31,377,6731,2357,57,75,10,3,3934,295,8600000US78741,22181.0,1219.0,17080,9582,1606,128,1110,17,3965
60190,3871,3792,3640,31,2,94,1,1,23,79,56,0,0,0,0,20,3,8600000US60190,50398.0,3255.0,3871,3696,31,2,94,1,21
34233,6554,6407,6279,45,11,45,0,2,25,147,115,1,0,0,0,27,4,8600000US34233,36727.0,2633.0,6554,6394,46,11,45,0,29
22655,4941,4891,4681,151,4,38,1,1,15,50,36,0,1,0,0,6,7,8600000US22655,30977.0,1723.0,4941,4717,151,5,38,1,7
35007,7350,7262,6431,724,21,40,1,1,44,88,57,1,0,0,0,27,3,8600000US35007,26498.0,1207.0,7350,6488,725,21,40,1,28
08078,3317,3221,3006,136,6,38,0,2,33,96,51,2,0,0,0,37,6,8600000US08078,27153.0,1931.0,3317,3057,138,6,38,0,39
48657,3176,3155,3114,3,10,5,0,1,22,21,13,0,0,0,0,6,2,8600000US48657,31841.0,2060.0,3176,3127,3,10,5,0,7
14760,8366,8310,7953,195,31,60,1,6,64,56,37,3,0,1,0,11,4,8600000US14760,27467.0,1786.0,8366,7990,198,31,61,1,17
03110,6251,6209,6074,22,5,73,2,1,32,42,34,1,0,1,0,5,1,8600000US03110,56516.0,3471.0,6251,6108,23,5,74,2,6
34209,14577,14323,14055,93,16,101,4,3,51,254,187,4,3,0,0,45,15,8600000US34209,33709.0,2403.0,14577,14242,97,19,101,4,48
53533,2570,2563,2532,5,1,9,1,0,15,7,4,0,0,0,0,3,0,8600000US53533,33826.0,3406.0,2570,2536,5,1,9,1,3
96161,5889,5436,5253,12,17,53,7,12,82,453,195,1,5,2,2,225,23,8600000US96161,48383.0,4889.0,5889,5448,13,22,55,9,237
33480,6259,6146,6052,42,2,21,0,6,23,113,104,1,0,0,0,3,5,8600000US33480,140058.0,19943.0,6259,6156,43,2,21,0,9
19027,7669,7551,4689,2332,6,431,1,14,78,118,52,11,1,0,0,44,10,8600000US19027,42141.0,2542.0,7669,4741,2343,7,431,1,58
70525,4194,4156,3260,870,8,1,0,2,15,38,25,0,0,1,0,11,1,8600000US70525,22973.0,2704.0,4194,3285,870,8,2,0,13
93444,5096,4022,3782,39,35,66,0,7,93,1074,496,2,26,6,0,469,75,8600000US93444,34679.0,2433.0,5096,4278,41,61,72,0,476
22304,19762,17968,11283,4328,46,1529,10,70,702,1794,917,59,11,5,0,645,157,8600000US22304,47468.0,2232.0,19762,12200,4387,57,1534,10,715
92880,4935,3699,3072,261,25,233,14,6,88,1236,593,4,17,3,2,557,60,8600000US92880,30017.0,1260.0,4935,3665,265,42,236,16,563
33712,10544,10303,3042,6990,18,77,4,15,157,241,115,47,3,1,0,53,22,8600000US33712,21769.0,1195.0,10544,3157,7037,21,78,4,68
46013,8065,7991,7550,358,15,33,0,0,35,74,53,1,0,0,0,17,3,8600000US46013,22691.0,1601.0,8065,7603,359,15,33,0,17
46217,7299,7234,7108,25,11,59,3,1,27,65,38,0,0,0,0,20,7,8600000US46217,27106.0,2052.0,7299,7146,25,11,59,3,21
28539,4506,4370,3838,371,34,30,7,4,86,136,68,2,4,3,0,44,15,8600000US28539,24421.0,1991.0,4506,3906,373,38,33,7,48
48173,4016,3962,3877,15,22,7,0,1,40,54,39,0,1,0,0,13,1,8600000US48173,31555.0,1740.0,4016,3916,15,23,7,0,14
22801,10075,9397,8722,330,8,197,3,3,134,678,392,25,6,2,0,219,34,8600000US22801,23639.0,1637.0,10075,9114,355,14,199,3,222
19958,6289,6227,5722,393,39,31,0,3,39,62,34,2,1,1,0,20,4,8600000US19958,41957.0,2576.0,6289,5756,395,40,32,0,23
31061,14546,14388,8572,5549,27,147,1,7,85,158,93,18,5,3,0,29,10,8600000US31061,19830.0,1066.0,14546,8665,5567,32,150,1,36
53146,2701,2673,2627,1,9,25,1,2,8,28,21,0,1,0,1,3,2,8600000US53146,41348.0,4429.0,2701,2648,1,10,25,2,5
35453,3359,3339,2981,309,13,6,0,0,30,20,14,0,1,0,0,4,1,8600000US35453,21906.0,1901.0,3359,2995,309,14,6,0,4
24201,7323,7263,6803,365,16,19,0,2,58,60,40,5,1,0,1,6,7,8600000US24201,21480.0,1557.0,7323,6843,370,17,19,1,8
38109,17580,17499,685,16727,14,12,0,3,58,81,8,41,0,1,0,30,1,8600000US38109,16540.0,840.0,17580,693,16768,14,13,0,33
07112,9544,9275,45,8983,15,46,2,14,170,269,59,66,2,2,0,118,22,8600000US07112,21592.0,1961.0,9544,104,9049,17,48,2,132
44028,2903,2888,2859,4,3,4,1,0,17,15,10,0,0,0,0,3,2,8600000US44028,37872.0,4667.0,2903,2869,4,3,4,1,3
21244,12418,12222,2673,8918,27,367,1,26,210,196,69,33,1,1,0,72,20,8600000US21244,32319.0,1541.0,12418,2742,8951,28,368,1,98
21286,8327,8227,7476,394,5,286,2,6,58,100,71,6,2,0,0,13,8,8600000US21286,41687.0,2160.0,8327,7547,400,7,286,2,19
90601,11202,5414,4462,105,39,598,10,16,184,5788,2955,20,87,14,5,2433,274,8600000US90601,31195.0,1663.0,11202,7417,125,126,612,15,2449
98117,13194,12886,11943,121,102,444,10,34,232,308,168,1,8,5,0,89,37,8600000US98117,54508.0,2413.0,13194,12111,122,110,449,10,123
98155,13089,12763,10818,320,85,1167,20,21,332,326,151,4,3,8,0,129,31,8600000US98155,39903.0,1682.0,13089,10969,324,88,1175,20,150
93247,4236,1795,1628,7,30,70,2,4,54,2441,796,9,24,2,3,1503,104,8600000US93247,13698.0,1158.0,4236,2424,16,54,72,5,1507
92592,14357,12466,10844,554,203,563,33,15,254,1891,1034,18,64,11,3,655,106,8600000US92592,34451.0,1089.0,14357,11878,572,267,574,36,670
77503,7606,4774,4532,84,31,59,0,5,63,2832,1512,6,24,2,1,1165,122,8600000US77503,17481.0,850.0,7606,6044,90,55,61,1,1170
79735,4234,1582,1491,23,11,16,0,6,35,2652,1780,11,19,2,0,740,100,8600000US79735,18091.0,1405.0,4234,3271,34,30,18,0,746
98407,8802,8607,7737,363,63,214,10,12,208,195,95,2,8,2,0,66,22,8600000US98407,42478.0,2929.0,8802,7832,365,71,216,10,78
34105,4755,4552,4457,28,0,43,0,2,22,203,170,2,0,0,0,21,10,8600000US34105,58549.0,5411.0,4755,4627,30,0,43,0,23
46962,3512,3475,3416,12,14,13,1,0,19,37,20,0,3,0,0,12,2,8600000US46962,22227.0,1710.0,3512,3436,12,17,13,1,12
45206,6386,6327,2137,4039,14,44,0,13,80,59,24,17,2,0,0,9,7,8600000US45206,37927.0,6496.0,6386,2161,4056,16,44,0,22
95037,13374,10860,9477,212,62,790,17,24,278,2514,1033,5,58,16,5,1219,178,8600000US95037,48894.0,2566.0,13374,10510,217,120,806,22,1243
93422,10626,9858,9367,83,77,104,7,21,199,768,410,3,29,4,0,262,60,8600000US93422,37012.0,2458.0,10626,9777,86,106,108,7,283
77657,5475,5370,5288,2,22,9,1,2,46,105,68,0,1,1,0,29,6,8600000US77657,30801.0,2097.0,5475,5356,2,23,10,1,31
15137,4903,4877,4355,469,4,18,0,4,27,26,15,2,0,1,0,4,4,8600000US15137,27693.0,3799.0,4903,4370,471,4,19,0,8
75147,7926,7712,7435,128,57,17,0,1,74,214,121,0,8,0,0,74,11,8600000US75147,25009.0,6085.0,7926,7556,128,65,17,0,75
28658,9568,9197,8211,775,23,135,3,0,50,371,170,3,2,1,0,168,27,8600000US28658,21908.0,1341.0,9568,8381,778,25,136,3,168
30114,7886,7468,7111,257,22,29,1,2,46,418,187,2,7,0,1,197,24,8600000US30114,31747.0,2330.0,7886,7298,259,29,29,2,199
18014,4510,4473,4432,14,2,6,0,1,18,37,21,3,0,0,0,8,5,8600000US18014,29002.0,2043.0,4510,4453,17,2,6,0,9
46975,5619,5568,5422,49,24,19,1,2,51,51,27,1,0,0,0,20,3,8600000US46975,23622.0,2328.0,5619,5449,50,24,19,1,22
48122,4506,4211,3765,273,26,49,2,6,90,295,187,3,3,1,0,76,25,8600000US48122,18137.0,1966.0,4506,3952,276,29,50,2,82
47303,10910,10807,9590,1069,22,39,7,5,75,103,67,7,0,0,0,23,6,8600000US47303,19796.0,1553.0,10910,9657,1076,22,39,7,28
61301,4435,4215,4129,37,2,22,2,3,20,220,132,1,2,0,0,74,11,8600000US61301,25114.0,1639.0,4435,4261,38,4,22,2,77
19141,12151,11890,589,10654,28,398,3,6,212,261,63,72,4,3,0,99,20,8600000US19141,17812.0,1344.0,12151,652,10726,32,401,3,105
98275,7098,6938,6052,108,37,607,10,16,108,160,86,2,2,2,0,47,21,8600000US98275,48069.0,3200.0,7098,6138,110,39,609,10,63
81144,2891,1742,1702,1,16,6,0,4,13,1149,475,6,18,0,2,603,45,8600000US81144,21800.0,1986.0,2891,2177,7,34,6,2,607
16063,3026,3013,2982,11,2,7,0,1,10,13,9,0,0,0,0,4,0,8600000US16063,34718.0,3246.0,3026,2991,11,2,7,0,5
19901,12301,11911,8145,3254,80,227,5,20,180,390,175,39,3,4,0,142,27,8600000US19901,24336.0,1517.0,12301,8320,3293,83,231,5,162
92866,5882,4629,4185,78,24,236,5,11,90,1253,605,11,29,5,0,537,66,8600000US92866,32608.0,3257.0,5882,4790,89,53,241,5,548
04401,17127,17026,16537,108,112,109,4,12,144,101,68,1,1,3,0,23,5,8600000US04401,28056.0,1380.0,17127,16605,109,113,112,4,35
14201,6263,4366,2478,1538,85,92,2,12,159,1897,621,88,8,1,2,1039,138,8600000US14201,22748.0,2094.0,6263,3099,1626,93,93,4,1051
94538,19251,16636,9823,706,91,5156,69,54,737,2615,1223,18,43,16,7,1096,212,8600000US94538,39321.0,1072.0,19251,11046,724,134,5172,76,1150
91352,11856,5088,3790,225,30,775,15,27,226,6768,2905,23,83,12,4,3354,387,8600000US91352,19165.0,833.0,11856,6695,248,113,787,19,3381
20720,4803,4697,2143,2131,17,315,0,6,85,106,50,13,0,2,0,23,18,8600000US20720,50326.0,2316.0,4803,2193,2144,17,317,0,29
