,zip_code,total,non_hispanic_tot,Not Hispanic or Latino householder: - Householder who is White alone,Not Hispanic or Latino householder: - Householder who is Black or African American alone,Not Hispanic or Latino householder: - Householder who is American Indian and Alaska Native alone,Not Hispanic or Latino householder: - Householder who is Asian alone,Not Hispanic or Latino householder: - Householder who is Native Hawaiian and Other Pacific Islander alone,Not Hispanic or Latino householder: - Householder who is Some other race alone,Not Hispanic or Latino householder: - Householder who is Two or more races,hispanic_tot,Hispanic or Latino householder: - Householder who is White alone,Hispanic or Latino householder: - Householder who is Black or African American alone,Hispanic or Latino householder: - Householder who is American Indian and Alaska Native alone,Hispanic or Latino householder: - Householder who is Asian alone,Hispanic or Latino householder: - Householder who is Native Hawaiian and Other Pacific Islander alone,Hispanic or Latino householder: - Householder who is Some other race alone,Hispanic or Latino householder: - Householder who is Two or more races,Id_zip,per_capita_income_2017_estimate,per_capita_income_2017_margin,white_tot,black_tot,indian_tot,asian_tot,native_tot,other_tot,mixed_tot
0,91606,14717,8083,5931,737,40,693,15,44,623,6634,2774,40,64,12,5,3250,489,8600000US91606,22619.0,1244.0,14717,8705,777,104,705,20,3294
1,98116,10571,10276,9422,153,76,352,16,21,236,295,166,6,8,2,2,80,31,8600000US98116,60743.0,3890.0,10571,9588,159,84,354,18,101
2,13035,2919,2890,2855,12,3,8,1,0,11,29,22,1,0,0,0,3,3,8600000US13035,38814.0,3486.0,2919,2877,13,3,8,1,3
3,78516,7193,1961,1910,7,6,5,0,2,31,5232,4446,2,6,1,1,671,105,8600000US78516,12323.0,1038.0,7193,6356,9,12,6,1,673
4,50125,6296,6263,6200,16,10,14,0,2,21,33,18,0,1,0,0,9,5,8600000US50125,31316.0,1651.0,6296,6218,16,11,14,0,11
5,60610,28638,27683,20463,5399,32,1350,20,29,390,955,615,55,10,5,0,216,54,8600000US60610,80153.0,4345.0,28638,21078,5454,42,1355,20,245
6,44138,7303,7224,7051,80,2,56,0,1,34,79,47,1,0,1,1,24,5,8600000US44138,35954.0,2402.0,7303,7098,81,2,57,1,25
7,51503,13048,12856,12677,54,27,43,2,3,50,192,107,4,4,0,0,64,13,8600000US51503,32713.0,1275.0,13048,12784,58,31,43,2,67
8,29323,5157,5106,4472,553,14,36,1,1,29,51,31,2,1,1,0,14,2,8600000US29323,23231.0,2650.0,5157,4503,555,15,37,1,15
9,4605,4614,4598,4519,2,23,11,2,2,39,16,10,0,0,0,0,5,1,8600000US04605,29297.0,1697.0,4614,4529,2,23,11,2,7
10,77045,7462,5673,465,5095,14,63,1,4,31,1789,732,22,16,0,2,907,110,8600000US77045,18438.0,1333.0,7462,1197,5117,30,63,3,911
11,1851,10164,9286,6502,323,20,2174,1,33,233,878,437,49,4,3,3,318,64,8600000US01851,24920.0,1496.0,10164,6939,372,24,2177,4,351
12,75442,2627,2438,2263,138,15,2,0,0,20,189,102,2,7,0,0,67,11,8600000US75442,28754.0,3032.0,2627,2365,140,22,2,0,67
13,14589,2924,2886,2734,119,10,6,0,1,16,38,22,1,1,0,0,11,3,8600000US14589,28357.0,3248.0,2924,2756,120,11,6,0,12
14,76082,5073,4881,4766,17,37,7,2,2,50,192,99,2,1,1,0,78,11,8600000US76082,25020.0,1567.0,5073,4865,19,38,8,2,80
15,30534,6408,6346,6237,14,25,12,2,0,56,62,35,0,0,0,0,25,2,8600000US30534,30000.0,2528.0,6408,6272,14,25,12,2,25
16,92314,3918,3619,3446,21,30,15,1,3,103,299,185,2,6,1,0,84,21,8600000US92314,26470.0,2361.0,3918,3631,23,36,16,1,87
17,43609,10439,9451,7981,1191,51,103,0,8,117,988,413,19,15,2,0,463,76,8600000US43609,14498.0,1117.0,10439,8394,1210,66,105,0,471
18,95212,2572,2279,1988,40,22,157,6,2,64,293,133,1,8,2,0,127,22,8600000US95212,24992.0,2357.0,2572,2121,41,30,159,6,129
19,8691,4274,4191,3920,114,3,125,0,6,23,83,61,1,0,0,0,15,6,8600000US08691,54319.0,4172.0,4274,3981,115,3,125,0,21
20,46016,8889,8704,6454,2093,40,17,0,8,92,185,96,10,3,0,0,66,10,8600000US46016,15071.0,1156.0,8889,6550,2103,43,17,0,74
21,2169,23770,23308,20418,622,42,1817,4,80,325,462,277,27,2,4,0,122,30,8600000US02169,37060.0,1543.0,23770,20695,649,44,1821,4,202
22,27018,2912,2853,2762,67,9,5,0,1,9,59,27,1,0,0,0,29,2,8600000US27018,23795.0,2205.0,2912,2789,68,9,5,0,30
23,7446,5324,5217,4885,39,5,257,0,4,27,107,76,1,1,2,0,18,9,8600000US07446,63599.0,5017.0,5324,4961,40,6,259,0,22
24,92886,13208,12090,10823,112,36,914,11,19,175,1118,762,8,18,1,1,277,51,8600000US92886,48999.0,2195.0,13208,11585,120,54,915,12,296
25,91350,12884,11553,10510,198,40,543,13,24,225,1331,821,7,17,11,0,396,79,8600000US91350,37680.0,1501.0,12884,11331,205,57,554,13,420
26,94578,13949,11437,6210,2564,79,1992,81,34,477,2512,1073,48,38,33,5,1094,221,8600000US94578,26624.0,1402.0,13949,7283,2612,117,2025,86,1128
27,1501,6302,6266,6171,29,5,34,2,2,23,36,27,0,1,0,0,4,4,8600000US01501,38476.0,1385.0,6302,6198,29,6,34,2,6
28,19333,3182,3142,2835,88,5,193,0,4,17,40,32,0,0,0,0,8,0,8600000US19333,67755.0,6058.0,3182,2867,88,5,193,0,12
29,6608,4127,1610,418,1043,6,65,1,9,68,2517,1088,50,13,1,4,1220,141,8600000US06608,15714.0,1237.0,4127,1506,1093,19,66,5,1229
30,12754,2782,2544,2261,216,5,35,1,4,22,238,127,13,3,1,0,83,11,8600000US12754,25049.0,4450.0,2782,2388,229,8,36,1,87
31,75077,10492,10051,9224,442,44,244,2,5,90,441,255,4,7,1,0,151,23,8600000US75077,45760.0,1523.0,10492,9479,446,51,245,2,156
32,45069,14889,14685,13408,556,27,581,10,10,93,204,126,6,1,1,2,54,14,8600000US45069,41532.0,1560.0,14889,13534,562,28,582,12,64
33,80120,12311,11629,11174,102,63,154,5,8,123,682,382,5,19,2,1,226,47,8600000US80120,41052.0,2257.0,12311,11556,107,82,156,6,234
34,45042,10961,10922,10599,209,15,18,1,6,74,39,25,1,0,0,0,9,4,8600000US45042,28408.0,1740.0,10961,10624,210,15,18,1,15
35,67880,2741,2008,1965,2,14,6,0,1,20,733,287,1,5,1,0,411,28,8600000US67880,26093.0,2366.0,2741,2252,3,19,7,0,412
36,54806,4674,4648,4203,7,356,14,0,0,68,26,11,0,4,0,0,7,4,8600000US54806,24763.0,1584.0,4674,4214,7,360,14,0,7
37,76574,5708,4441,3733,646,12,12,0,2,36,1267,646,4,16,1,1,556,43,8600000US76574,24571.0,1365.0,5708,4379,650,28,13,1,558
38,29576,7385,7343,7067,204,10,17,3,0,42,42,26,2,1,2,0,8,3,8600000US29576,33321.0,1966.0,7385,7093,206,11,19,3,8
39,24609,3242,3224,3193,12,5,0,0,1,13,18,17,0,0,0,0,1,0,8600000US24609,22292.0,1950.0,3242,3210,12,5,0,0,2
40,92831,13148,10627,8262,365,51,1575,29,25,320,2521,1173,11,31,7,2,1151,146,8600000US92831,29625.0,1506.0,13148,9435,376,82,1582,31,1176
41,48161,9782,9624,9154,336,18,40,1,2,73,158,83,4,4,0,0,58,9,8600000US48161,25188.0,1267.0,9782,9237,340,22,40,1,60
42,77082,15479,12802,7584,3032,31,1711,4,48,392,2677,1523,56,16,3,0,887,192,8600000US77082,30640.0,1951.0,15479,9107,3088,47,1714,4,935
43,53593,4571,4553,4500,21,6,16,0,1,9,18,14,0,1,0,0,3,0,8600000US53593,51072.0,2253.0,4571,4514,21,7,16,0,4
44,74135,10331,9929,8621,603,332,114,3,5,251,402,167,6,8,1,0,191,29,8600000US74135,31592.0,1808.0,10331,8788,609,340,115,3,196
45,45176,2948,2942,2912,4,7,1,0,2,16,6,3,0,0,0,0,2,1,8600000US45176,24922.0,2109.0,2948,2915,4,7,1,0,4
46,45440,8211,8140,7702,204,7,158,4,3,62,71,47,0,1,0,0,15,8,8600000US45440,36535.0,2091.0,8211,7749,204,8,158,4,18
47,10543,7279,6428,5831,281,2,238,2,5,69,851,552,16,6,2,1,214,60,8600000US10543,58834.0,5189.0,7279,6383,297,8,240,3,219
48,33063,22715,20316,18016,1419,22,415,7,67,370,2399,1832,45,7,3,0,338,174,8600000US33063,25706.0,1339.0,22715,19848,1464,29,418,7,405
49,7208,11817,7471,4462,2263,17,355,2,53,319,4346,2762,169,19,7,4,1107,278,8600000US07208,22618.0,1260.0,11817,7224,2432,36,362,6,1160
50,22306,10821,9526,5491,3053,30,706,11,18,217,1295,541,41,16,4,1,584,108,8600000US22306,33671.0,2045.0,10821,6032,3094,46,710,12,602
51,40215,10415,10144,7501,2423,31,59,8,11,111,271,156,12,0,0,1,92,10,8600000US40215,15865.0,937.0,10415,7657,2435,31,59,9,103
52,60515,11155,10936,10494,131,8,238,0,11,54,219,155,1,4,0,0,46,13,8600000US60515,47818.0,2076.0,11155,10649,132,12,238,0,57
53,6238,4258,4218,4133,19,9,15,0,5,37,40,28,1,1,1,0,6,3,8600000US06238,41100.0,3151.0,4258,4161,20,10,16,0,11
54,53209,19264,18952,7516,11022,52,185,2,7,168,312,113,65,2,2,1,105,24,8600000US53209,20313.0,766.0,19264,7629,11087,54,187,3,112
55,10029,27465,12873,2688,8557,63,945,2,98,520,14592,5471,1403,162,32,16,6494,1014,8600000US10029,27966.0,1641.0,27465,8159,9960,225,977,18,6592
56,80906,19701,17850,15886,1054,118,423,46,23,300,1851,811,35,48,8,4,824,121,8600000US80906,41504.0,1693.0,19701,16697,1089,166,431,50,847
57,65804,16518,16345,15741,213,73,150,9,5,154,173,92,3,1,0,0,58,19,8600000US65804,33019.0,1866.0,16518,15833,216,74,150,9,63
58,90240,7860,4537,3472,157,17,725,10,14,142,3323,1638,9,36,6,4,1418,212,8600000US90240,30648.0,2166.0,7860,5110,166,53,731,14,1432
59,29572,4105,4056,3925,61,7,34,4,2,23,49,31,0,1,0,0,12,5,8600000US29572,47217.0,6207.0,4105,3956,61,8,34,4,14
60,78552,9687,4231,4110,39,15,26,1,2,38,5456,4219,10,27,1,2,1042,155,8600000US78552,21469.0,1674.0,9687,8329,49,42,27,3,1044
61,75644,7428,7252,6297,862,27,4,0,2,60,176,56,6,4,0,2,100,8,8600000US75644,23031.0,2662.0,7428,6353,868,31,4,2,102
62,47553,3043,3035,3008,2,4,7,0,0,14,8,8,0,0,0,0,0,0,8600000US47553,23337.0,1632.0,3043,3016,2,4,7,0,0
63,84770,10808,10182,9819,18,149,36,68,6,86,626,308,3,9,2,0,269,35,8600000US84770,23209.0,1328.0,10808,10127,21,158,38,68,275
64,73129,7207,6017,4582,782,362,49,2,1,239,1190,382,8,33,3,1,697,66,8600000US73129,14042.0,1524.0,7207,4964,790,395,52,3,698
65,76109,10358,9841,9245,300,32,164,5,2,93,517,299,2,4,1,1,182,28,8600000US76109,54663.0,4750.0,10358,9544,302,36,165,6,184
66,98045,5068,4960,4764,24,42,56,10,4,60,108,61,1,1,0,0,35,10,8600000US98045,45528.0,3391.0,5068,4825,25,43,56,10,39
67,30114,7886,7468,7111,257,22,29,1,2,46,418,187,2,7,0,1,197,24,8600000US30114,31747.0,2330.0,7886,7298,259,29,29,2,199
68,21227,13068,12853,10909,1466,26,326,3,5,118,215,110,5,2,1,2,79,16,8600000US21227,27897.0,1380.0,13068,11019,1471,28,327,5,84
69,52803,9724,9382,8025,1114,31,106,1,4,101,342,171,10,1,1,0,134,25,8600000US52803,26384.0,1865.0,9724,8196,1124,32,107,1,138
70,93638,12820,6438,5405,549,119,144,9,19,193,6382,2231,38,186,12,2,3544,369,8600000US93638,14324.0,939.0,12820,7636,587,305,156,11,3563
71,64138,10262,10075,7238,2586,31,76,8,7,129,187,115,7,3,0,0,52,10,8600000US64138,23365.0,1437.0,10262,7353,2593,34,76,8,59
72,55355,3755,3669,3651,2,5,6,0,0,5,86,17,0,1,1,0,64,3,8600000US55355,29986.0,1895.0,3755,3668,2,6,7,0,64
73,15101,8830,8789,8573,62,2,128,2,2,20,41,39,1,0,0,0,1,0,8600000US15101,43905.0,2703.0,8830,8612,63,2,128,2,3
74,54467,4516,4473,4407,15,10,21,1,0,19,43,23,0,3,0,0,12,5,8600000US54467,30605.0,2483.0,4516,4430,15,13,21,1,12
75,48223,12394,12276,2103,9838,46,103,4,13,169,118,37,37,4,2,1,24,13,8600000US48223,19330.0,1208.0,12394,2140,9875,50,105,5,37
76,7747,10897,10444,8928,516,6,873,3,14,104,453,333,16,1,7,0,70,26,8600000US07747,45939.0,1702.0,10897,9261,532,7,880,3,84
77,34442,4662,4602,4442,73,14,38,0,2,33,60,46,1,2,0,1,5,5,8600000US34442,31002.0,2277.0,4662,4488,74,16,38,1,7
78,30176,2601,2592,2461,92,6,11,0,0,22,9,4,0,0,1,0,4,0,8600000US30176,22459.0,3169.0,2601,2465,92,6,12,0,4
79,60070,6063,5011,4591,114,5,243,0,0,58,1052,459,7,9,0,0,520,57,8600000US60070,32223.0,2580.0,6063,5050,121,14,243,0,520
80,32707,13785,12292,11209,615,30,244,4,25,165,1493,1056,30,9,3,0,313,82,8600000US32707,25863.0,1966.0,13785,12265,645,39,247,4,338
81,63401,8645,8580,8013,436,20,22,2,2,85,65,39,2,4,0,0,9,11,8600000US63401,22172.0,1155.0,8645,8052,438,24,22,2,11
82,34769,7214,6655,6396,107,32,43,2,1,74,559,359,23,6,0,1,139,31,8600000US34769,22068.0,2549.0,7214,6755,130,38,43,3,140
83,59105,8614,8455,8140,25,166,39,3,2,80,159,82,1,6,2,1,57,10,8600000US59105,32347.0,1870.0,8614,8222,26,172,41,4,59
84,53549,3752,3606,3560,6,13,8,2,0,17,146,71,1,2,0,0,65,7,8600000US53549,26967.0,1351.0,3752,3631,7,15,8,2,65
85,45239,12063,11950,10256,1490,29,84,2,9,80,113,43,6,0,3,1,47,13,8600000US45239,26840.0,2061.0,12063,10299,1496,29,87,3,56
86,91001,12379,10610,5172,4583,37,449,8,26,335,1769,735,59,27,8,1,812,127,8600000US91001,43263.0,2529.0,12379,5907,4642,64,457,9,838
87,92128,18818,18049,15368,360,36,1975,34,18,258,769,490,5,8,10,2,197,57,8600000US92128,47359.0,2063.0,18818,15858,365,44,1985,36,215
88,77079,11977,11093,9761,329,23,821,1,8,150,884,582,7,10,1,0,233,51,8600000US77079,56154.0,4544.0,11977,10343,336,33,822,1,241
89,78207,15429,911,472,352,32,23,2,5,25,14518,9150,46,177,5,4,4580,556,8600000US78207,11900.0,612.0,15429,9622,398,209,28,6,4585
90,7719,8915,8705,8423,143,11,75,2,9,42,210,137,5,1,1,0,53,13,8600000US07719,47973.0,2891.0,8915,8560,148,12,76,2,62
91,63111,8986,8713,6614,1756,30,128,2,11,172,273,139,8,3,2,0,97,24,8600000US63111,16988.0,1201.0,8986,6753,1764,33,130,2,108
92,61520,6998,6969,6872,34,13,20,0,0,30,29,20,0,0,0,0,8,1,8600000US61520,23243.0,1622.0,6998,6892,34,13,20,0,8
93,19465,5385,5356,5220,78,4,29,0,4,21,29,21,0,0,0,0,5,3,8600000US19465,42256.0,2837.0,5385,5241,78,4,29,0,9
94,92201,16538,7093,6136,451,64,274,7,18,143,9445,3813,39,99,31,5,5055,403,8600000US92201,19987.0,955.0,16538,9949,490,163,305,12,5073
95,1151,3339,2881,2486,304,9,21,0,2,59,458,144,25,1,0,2,269,17,8600000US01151,18717.0,1673.0,3339,2630,329,10,21,2,271
96,49418,9064,8884,8609,132,26,70,1,4,42,180,119,3,1,0,0,49,8,8600000US49418,32323.0,2338.0,9064,8728,135,27,70,1,53
97,28379,10309,10158,7441,2446,126,61,1,1,82,151,68,7,3,1,2,61,9,8600000US28379,21243.0,1563.0,10309,7509,2453,129,62,3,62
98,68137,9351,9168,8901,103,12,98,4,4,46,183,128,1,2,1,0,44,7,8600000US68137,30634.0,1265.0,9351,9029,104,14,99,4,48
99,65737,2632,2599,2550,2,17,1,1,0,28,33,25,0,1,0,0,7,0,8600000US65737,25331.0,3655.0,2632,2575,2,18,1,1,7
100,11598,4232,4086,3926,33,1,97,0,7,22,146,97,1,0,1,0,41,6,8600000US11598,53159.0,5254.0,4232,4023,34,1,98,0,48
101,33040,14527,12178,10858,946,43,130,3,15,183,2349,2001,57,6,2,0,195,88,8600000US33040,34434.0,1575.0,14527,12859,1003,49,132,3,210
102,17103,4656,4406,1578,2672,12,44,1,7,92,250,69,24,5,2,0,124,26,8600000US17103,18161.0,1962.0,4656,1647,2696,17,46,1,131
103,32257,14856,14231,12429,1163,39,407,5,16,172,625,437,18,4,2,0,123,41,8600000US32257,31003.0,1876.0,14856,12866,1181,43,409,5,139
104,49307,6561,6487,5897,380,34,95,2,4,75,74,50,0,3,2,0,14,5,8600000US49307,19800.0,1489.0,6561,5947,380,37,97,2,18
105,97501,14286,13248,12651,56,169,87,18,5,262,1038,432,5,19,1,2,463,116,8600000US97501,20717.0,1022.0,14286,13083,61,188,88,20,468
106,48081,9308,9242,9102,17,14,35,3,4,67,66,54,1,1,1,0,8,1,8600000US48081,33885.0,3041.0,9308,9156,18,15,36,3,12
107,7023,2574,2497,2285,112,1,83,1,1,14,77,61,1,0,0,0,13,2,8600000US07023,50993.0,4266.0,2574,2346,113,1,83,1,14
108,75087,5804,5540,5279,144,20,64,1,2,30,264,141,1,2,0,0,107,13,8600000US75087,39009.0,2208.0,5804,5420,145,22,64,1,109
109,92260,13899,12433,11911,100,43,244,11,5,119,1466,842,11,20,1,1,509,82,8600000US92260,36794.0,2454.0,13899,12753,111,63,245,12,514
110,48180,24776,24137,21399,2007,132,297,2,10,290,639,433,9,9,3,0,135,50,8600000US48180,22174.0,714.0,24776,21832,2016,141,300,2,145
111,94590,14257,12173,6447,3588,107,1404,107,25,495,2084,760,38,34,30,10,1038,174,8600000US94590,24430.0,1127.0,14257,7207,3626,141,1434,117,1063
112,73521,8509,7438,6327,807,106,70,11,2,115,1071,328,5,5,1,1,669,62,8600000US73521,22655.0,1314.0,8509,6655,812,111,71,12,671
113,40014,5125,5080,4954,79,9,15,0,3,20,45,25,2,1,0,0,15,2,8600000US40014,39497.0,2117.0,5125,4979,81,10,15,0,18
114,30504,5179,4207,3783,268,13,113,0,0,30,972,427,5,8,4,22,459,47,8600000US30504,20703.0,1635.0,5179,4210,273,21,117,22,459
115,75206,20442,16036,13924,966,80,756,4,30,276,4406,2110,25,21,4,3,2023,220,8600000US75206,49708.0,2486.0,20442,16034,991,101,760,7,2053
116,19707,5283,5211,4749,123,5,313,1,0,20,72,59,0,0,0,0,9,4,8600000US19707,58021.0,7014.0,5283,4808,123,5,313,1,9
117,49601,7978,7928,7805,8,37,27,1,1,49,50,28,0,3,0,3,13,3,8600000US49601,23794.0,1297.0,7978,7833,8,40,27,4,14
118,30531,3823,3515,3194,180,5,103,6,0,27,308,161,7,2,2,0,123,13,8600000US30531,20485.0,2291.0,3823,3355,187,7,105,6,123
119,17340,3589,3571,3532,10,4,8,0,2,15,18,9,1,1,0,0,4,3,8600000US17340,30955.0,1703.0,3589,3541,11,5,8,0,6
120,98373,6521,6331,5752,161,54,168,30,3,163,190,96,0,5,3,1,65,20,8600000US98373,31748.0,1864.0,6521,5848,161,59,171,31,68
121,77471,9065,5223,4409,700,18,36,2,4,54,3842,2194,12,19,2,0,1472,143,8600000US77471,21109.0,1324.0,9065,6603,712,37,38,2,1476
122,32448,3350,3311,2267,985,19,10,0,0,30,39,21,7,1,0,0,9,1,8600000US32448,18396.0,1711.0,3350,2288,992,20,10,0,9
123,11726,5475,4607,3900,535,12,74,3,11,72,868,414,34,3,1,0,321,95,8600000US11726,26478.0,1588.0,5475,4314,569,15,75,3,332
124,54456,2504,2489,2445,2,22,11,1,1,7,15,9,0,2,0,0,3,1,8600000US54456,25363.0,1397.0,2504,2454,2,24,11,1,4
125,75090,8002,7248,6006,1012,85,41,2,0,102,754,361,9,9,1,0,329,45,8600000US75090,17481.0,1079.0,8002,6367,1021,94,42,2,329
126,32174,17143,16878,16201,383,27,155,2,6,104,265,223,2,0,1,0,25,14,8600000US32174,32304.0,1843.0,17143,16424,385,27,156,2,31
127,69337,2676,2631,2516,7,72,16,3,1,16,45,20,0,2,0,1,18,4,8600000US69337,24732.0,3211.0,2676,2536,7,74,16,4,19
128,53120,3258,3223,3199,1,6,6,0,1,10,35,18,0,2,1,0,12,2,8600000US53120,32003.0,1908.0,3258,3217,1,8,7,0,13
129,92320,3042,2776,2680,19,9,24,4,2,38,266,145,0,6,0,0,101,14,8600000US92320,27919.0,1814.0,3042,2825,19,15,24,4,103
130,76205,13280,12253,10769,985,62,264,5,12,156,1027,402,5,6,1,0,558,55,8600000US76205,24728.0,1675.0,13280,11171,990,68,265,5,570
131,97048,2500,2476,2380,3,30,8,1,4,50,24,13,0,0,0,0,6,5,8600000US97048,24544.0,1821.0,2500,2393,3,30,8,1,10
132,90805,26252,16995,6182,7204,116,2359,468,53,613,9257,3045,121,132,24,12,5439,484,8600000US90805,18614.0,745.0,26252,9227,7325,248,2383,480,5492
133,27371,2903,2830,2368,407,7,25,0,0,23,73,33,3,0,0,0,32,5,8600000US27371,19417.0,1857.0,2903,2401,410,7,25,0,32
134,97523,2543,2462,2327,5,47,13,4,5,61,81,53,0,5,1,0,16,6,8600000US97523,19525.0,3188.0,2543,2380,5,52,14,4,21
135,32303,19090,18521,13963,4014,58,256,4,20,206,569,390,24,3,7,0,106,39,8600000US32303,26597.0,1450.0,19090,14353,4038,61,263,4,126
136,95948,3315,2536,2323,8,37,88,0,7,73,779,240,1,11,1,0,488,38,8600000US95948,22334.0,1496.0,3315,2563,9,48,89,0,495
137,39565,4753,4705,4483,155,19,18,0,2,28,48,25,1,2,0,0,17,3,8600000US39565,25034.0,1720.0,4753,4508,156,21,18,0,19
138,97220,10469,10049,8615,354,89,700,23,6,262,420,133,6,7,2,3,232,37,8600000US97220,24249.0,1139.0,10469,8748,360,96,702,26,238
139,48423,12817,12638,12183,201,40,62,2,5,145,179,108,1,3,2,0,50,15,8600000US48423,29545.0,2086.0,12817,12291,202,43,64,2,55
140,63137,8296,8247,4747,3399,15,21,0,5,60,49,28,11,1,0,0,5,4,8600000US63137,18249.0,1274.0,8296,4775,3410,16,21,0,10
141,94572,2814,2424,1547,419,17,337,10,6,88,390,171,2,18,1,1,168,29,8600000US94572,32078.0,4683.0,2814,1718,421,35,338,11,174
142,46528,7010,6338,6212,35,14,41,1,2,33,672,195,8,0,0,0,441,28,8600000US46528,24978.0,2118.0,7010,6407,43,14,41,1,443
143,2740,17780,16406,12733,949,112,111,7,1429,1065,1374,516,104,25,3,3,606,117,8600000US02740,24027.0,1357.0,17780,13249,1053,137,114,10,2035
144,55076,7070,6850,6633,83,22,54,3,5,50,220,99,9,4,0,0,97,11,8600000US55076,37338.0,2159.0,7070,6732,92,26,54,3,102
145,67501,10639,9914,9349,365,53,25,3,3,116,725,254,7,10,1,1,408,44,8600000US67501,18182.0,985.0,10639,9603,372,63,26,4,411
146,10312,20056,19111,18223,102,19,629,3,15,120,945,722,10,8,4,0,155,46,8600000US10312,38250.0,1544.0,20056,18945,112,27,633,3,170
147,11778,4014,3886,3792,16,3,33,1,2,39,128,96,1,1,1,0,21,8,8600000US11778,39896.0,4047.0,4014,3888,17,4,34,1,23
148,49721,6120,6087,5815,6,164,15,0,0,87,33,19,1,4,0,0,5,4,8600000US49721,24270.0,1141.0,6120,5834,7,168,15,0,5
149,84341,5086,4932,4640,28,20,197,13,2,32,154,74,0,0,0,0,68,12,8600000US84341,23014.0,1459.0,5086,4714,28,20,197,13,70
150,27040,3659,3625,3315,265,6,11,0,4,24,34,19,0,0,0,0,12,3,8600000US27040,36044.0,2918.0,3659,3334,265,6,11,0,16
151,7203,7520,6573,2705,3473,13,181,2,20,179,947,510,61,5,1,1,298,71,8600000US07203,26114.0,1756.0,7520,3215,3534,18,182,3,318
152,15239,7954,7909,7588,231,4,53,1,3,29,45,36,1,0,0,0,5,3,8600000US15239,32248.0,1270.0,7954,7624,232,4,53,1,8
153,30309,11495,11157,9033,1600,17,341,1,25,140,338,214,19,0,2,0,73,30,8600000US30309,73481.0,5156.0,11495,9247,1619,17,343,1,98
154,46077,5502,5463,5353,41,11,41,1,2,14,39,27,1,0,0,0,9,2,8600000US46077,59036.0,4044.0,5502,5380,42,11,41,1,11
155,20715,8723,8540,7332,904,23,162,1,11,107,183,119,7,0,0,0,44,13,8600000US20715,43638.0,1818.0,8723,7451,911,23,162,1,55
156,60436,6254,5677,4331,1248,10,26,0,8,54,577,237,3,5,0,0,291,41,8600000US60436,21131.0,1145.0,6254,4568,1251,15,26,0,299
157,80206,11581,10853,9601,764,63,200,6,18,201,728,427,14,18,0,0,216,53,8600000US80206,64096.0,4773.0,11581,10028,778,81,200,6,234
158,6112,7706,7143,125,6660,18,16,3,12,309,563,112,80,8,3,0,324,36,8600000US06112,19539.0,1810.0,7706,237,6740,26,19,3,336
159,97423,2944,2878,2770,5,41,12,4,2,44,66,38,1,4,0,0,19,4,8600000US97423,22967.0,3456.0,2944,2808,6,45,12,4,21
160,23834,9729,9597,8052,1278,14,161,9,6,77,132,70,14,1,2,0,41,4,8600000US23834,28622.0,1369.0,9729,8122,1292,15,163,9,47
161,10523,2609,2270,1337,660,4,196,4,9,60,339,177,6,3,0,0,119,34,8600000US10523,37921.0,3490.0,2609,1514,666,7,196,4,128
162,90002,10690,5623,68,5440,12,9,8,13,73,5067,1250,40,54,8,5,3402,308,8600000US90002,11807.0,577.0,10690,1318,5480,66,17,13,3415
163,11412,11565,11212,73,10728,37,39,2,33,300,353,39,193,6,1,1,83,30,8600000US11412,27935.0,1048.0,11565,112,10921,43,40,3,116
164,80002,6720,6048,5794,53,41,82,3,4,71,672,374,5,20,2,1,236,34,8600000US80002,31446.0,1968.0,6720,6168,58,61,84,4,240
165,35064,4796,4775,605,4142,2,6,0,0,20,21,4,14,0,0,0,2,1,8600000US35064,19116.0,1784.0,4796,609,4156,2,6,0,2
166,37604,14034,13837,12733,789,42,149,1,11,112,197,124,2,1,2,0,57,11,8600000US37604,28793.0,1965.0,14034,12857,791,43,151,1,68
167,14227,10388,10321,9966,182,13,109,3,3,45,67,45,1,1,0,0,16,4,8600000US14227,29886.0,1125.0,10388,10011,183,14,109,3,19
168,29657,5489,5451,5132,269,11,4,0,1,34,38,24,0,0,0,0,14,0,8600000US29657,21169.0,1539.0,5489,5156,269,11,4,0,15
169,70546,5866,5827,4687,1089,14,9,0,1,27,39,33,0,0,0,0,5,1,8600000US70546,22339.0,2004.0,5866,4720,1089,14,9,0,6
170,7508,7270,6172,5478,365,2,149,1,10,167,1098,543,36,8,3,1,422,85,8600000US07508,33778.0,2580.0,7270,6021,401,10,152,2,432
171,1473,2527,2510,2467,9,1,20,0,0,13,17,13,1,0,0,0,2,1,8600000US01473,43218.0,3949.0,2527,2480,10,1,20,0,2
172,11758,18080,17479,16473,667,9,208,2,14,106,601,395,28,3,0,0,138,37,8600000US11758,46956.0,1582.0,18080,16868,695,12,208,2,152
173,89447,3150,2809,2608,4,142,5,0,5,45,341,161,0,21,1,0,145,13,8600000US89447,25084.0,4301.0,3150,2769,4,163,6,0,150
174,19124,22349,19048,12941,4954,45,715,6,37,350,3301,948,140,20,4,7,1909,273,8600000US19124,15293.0,934.0,22349,13889,5094,65,719,13,1946
175,18337,4162,4027,3886,69,10,21,0,4,37,135,105,3,4,0,0,18,5,8600000US18337,34192.0,3374.0,4162,3991,72,14,21,0,22
176,52403,10150,10027,9340,499,20,82,1,4,81,123,74,4,1,2,0,28,14,8600000US52403,37319.0,3009.0,10150,9414,503,21,84,1,32
177,99502,6576,6358,5192,226,301,403,24,6,206,218,100,5,12,4,2,75,20,8600000US99502,41256.0,2823.0,6576,5292,231,313,407,26,81
178,19963,6042,5833,5023,678,25,37,1,5,64,209,84,9,2,2,1,100,11,8600000US19963,28345.0,1672.0,6042,5107,687,27,39,2,105
179,30064,15298,14836,12433,2089,19,160,6,16,113,462,269,22,2,1,1,153,14,8600000US30064,40764.0,2248.0,15298,12702,2111,21,161,7,169
180,43232,16839,16526,10272,5549,64,257,5,25,354,313,141,30,3,4,0,116,19,8600000US43232,19893.0,1035.0,16839,10413,5579,67,261,5,141
181,93117,15500,12780,10503,262,59,1478,18,35,425,2720,1263,23,56,12,5,1170,191,8600000US93117,25127.0,1042.0,15500,11766,285,115,1490,23,1205
182,78578,3364,1531,1490,6,8,8,1,0,18,1833,1333,15,6,2,0,411,66,8600000US78578,20726.0,2737.0,3364,2823,21,14,10,1,411
183,44224,13971,13884,13301,251,20,227,1,5,79,87,55,3,1,0,0,18,10,8600000US44224,35900.0,1480.0,13971,13356,254,21,227,1,23
184,10028,26113,25155,23241,286,10,1264,6,54,294,958,714,18,4,6,0,154,62,8600000US10028,115071.0,6527.0,26113,23955,304,14,1270,6,208
185,53182,2879,2835,2792,5,9,7,0,0,22,44,27,0,1,1,0,13,2,8600000US53182,31510.0,2445.0,2879,2819,5,10,8,0,13
186,2762,3009,2985,2902,22,0,47,0,1,13,24,19,0,0,0,0,3,2,8600000US02762,39956.0,3518.0,3009,2921,22,0,47,0,4
187,48036,9526,9418,8623,586,24,68,1,2,114,108,62,5,2,1,1,23,14,8600000US48036,27786.0,1485.0,9526,8685,591,26,69,2,25
188,19803,8427,8342,7856,239,8,217,1,6,15,85,65,2,0,0,0,12,6,8600000US19803,50062.0,2561.0,8427,7921,241,8,217,1,18
189,14414,2514,2493,2419,37,10,7,0,1,19,21,14,1,0,0,0,5,1,8600000US14414,29494.0,1920.0,2514,2433,38,10,7,0,6
190,45377,6303,6265,6125,45,10,42,2,2,39,38,23,1,0,0,0,10,4,8600000US45377,31258.0,1850.0,6303,6148,46,10,42,2,12
191,76704,2999,2833,298,2493,5,17,0,0,20,166,50,5,4,0,0,103,4,8600000US76704,13423.0,1913.0,2999,348,2498,9,17,0,103
192,33764,10807,10461,10039,201,12,118,2,6,83,346,255,11,2,0,0,68,10,8600000US33764,35057.0,4616.0,10807,10294,212,14,118,2,74
193,29902,9098,8847,6733,1935,21,70,10,3,75,251,113,22,3,1,0,95,17,8600000US29902,27415.0,2795.0,9098,6846,1957,24,71,10,98
194,94708,4676,4557,4022,87,7,337,1,13,90,119,72,1,5,0,1,20,20,8600000US94708,88763.0,8249.0,4676,4094,88,12,337,2,33
195,7728,17798,16667,14984,890,6,650,2,14,121,1131,786,33,19,4,1,203,85,8600000US07728,41667.0,1581.0,17798,15770,923,25,654,3,217
196,38401,19366,18910,15710,3006,35,52,2,10,95,456,194,13,5,0,0,195,49,8600000US38401,24437.0,834.0,19366,15904,3019,40,52,2,205
197,23504,8114,8036,369,7569,23,11,1,4,59,78,14,38,2,0,2,16,6,8600000US23504,16984.0,1143.0,8114,383,7607,25,11,3,20
198,44144,9988,9587,9163,163,18,126,1,8,108,401,182,5,1,0,2,187,24,8600000US44144,23806.0,1502.0,9988,9345,168,19,126,3,195
199,70501,11216,11121,3970,6986,15,36,1,18,95,95,40,24,3,0,0,17,11,8600000US70501,16779.0,1357.0,11216,4010,7010,18,36,1,35
200,2852,9164,9046,8781,89,44,66,2,5,59,118,60,3,5,0,2,36,12,8600000US02852,41377.0,2135.0,9164,8841,92,49,66,4,41
201,93063,16393,14650,13273,204,65,822,21,18,247,1743,990,2,37,10,0,580,124,8600000US93063,36783.0,1261.0,16393,14263,206,102,832,21,598
202,84065,8433,8235,8115,11,19,43,16,2,29,198,95,0,2,1,0,80,20,8600000US84065,30488.0,1409.0,8433,8210,11,21,44,16,82
203,45215,13129,13022,9388,3346,14,158,3,11,102,107,55,8,0,0,0,31,13,8600000US45215,32351.0,3173.0,13129,9443,3354,14,158,3,42
204,72401,19143,18829,16585,1900,55,115,4,8,162,314,165,13,2,5,2,113,14,8600000US72401,22778.0,1858.0,19143,16750,1913,57,120,6,121
205,52349,2997,2982,2965,3,4,4,1,0,5,15,10,0,0,0,0,4,1,8600000US52349,32265.0,3446.0,2997,2975,3,4,4,1,4
206,19018,9813,9722,8831,464,8,347,3,4,65,91,60,1,1,1,0,23,5,8600000US19018,29450.0,1269.0,9813,8891,465,9,348,3,27
207,52405,10219,10129,9767,176,16,109,5,3,53,90,55,1,1,0,0,20,13,8600000US52405,30046.0,1444.0,10219,9822,177,17,109,5,23
208,55421,11410,11217,10377,289,132,259,3,8,149,193,101,4,5,1,0,62,20,8600000US55421,27960.0,1475.0,11410,10478,293,137,260,3,70
209,35565,5861,5766,5675,33,11,6,0,0,41,95,27,0,0,2,0,63,3,8600000US35565,18277.0,1634.0,5861,5702,33,11,8,0,63
210,16146,6817,6784,6010,678,13,11,2,3,67,33,19,4,0,0,0,2,8,8600000US16146,20673.0,1594.0,6817,6029,682,13,11,2,5
211,85706,20190,7606,6449,457,436,100,7,17,140,12584,5843,48,218,15,5,5939,516,8600000US85706,13294.0,514.0,20190,12292,505,654,115,12,5956
212,30121,5500,5393,4868,447,12,31,1,1,33,107,51,0,3,0,0,44,9,8600000US30121,25301.0,2601.0,5500,4919,447,15,31,1,45
213,56560,12628,12283,11844,66,143,106,5,2,117,345,142,3,6,1,0,174,19,8600000US56560,26597.0,1007.0,12628,11986,69,149,107,5,176
214,26416,2747,2734,2652,18,31,6,0,0,27,13,9,0,0,0,0,4,0,8600000US26416,21894.0,2755.0,2747,2661,18,31,6,0,4
215,98375,4669,4517,4126,107,46,118,15,3,102,152,80,6,2,3,1,49,11,8600000US98375,28107.0,1146.0,4669,4206,113,48,121,16,52
216,57042,3310,3288,3249,2,15,9,0,0,13,22,10,0,0,0,0,10,2,8600000US57042,27769.0,2984.0,3310,3259,2,15,9,0,10
217,94595,9920,9751,9273,41,14,329,3,12,79,169,138,0,2,1,0,23,5,8600000US94595,56104.0,2852.0,9920,9411,41,16,330,3,35
218,55404,11156,10110,5270,3194,590,404,11,25,616,1046,359,25,36,2,1,502,121,8600000US55404,21964.0,1379.0,11156,5629,3219,626,406,12,527
219,27127,10906,10548,7993,2338,25,105,0,11,76,358,145,17,4,0,0,172,20,8600000US27127,24528.0,2198.0,10906,8138,2355,29,105,0,183
220,12534,7422,7189,6370,645,12,70,2,3,87,233,106,11,1,4,0,82,29,8600000US12534,28782.0,2049.0,7422,6476,656,13,74,2,85
221,95926,14485,13384,12205,235,127,420,30,41,326,1101,505,7,19,5,1,461,103,8600000US95926,27149.0,2201.0,14485,12710,242,146,425,31,502
222,84124,7702,7499,7208,30,15,154,13,2,77,203,111,1,5,0,0,76,10,8600000US84124,40407.0,2441.0,7702,7319,31,20,154,13,78
223,90212,5709,5517,4886,126,5,337,0,20,143,192,120,1,1,2,0,50,18,8600000US90212,73331.0,9300.0,5709,5006,127,6,339,0,70
224,89703,4098,3951,3730,13,122,41,4,3,38,147,101,0,2,1,0,32,11,8600000US89703,41181.0,3272.0,4098,3831,13,124,42,4,35
225,75791,3858,3776,3570,154,9,14,1,2,26,82,45,0,3,0,0,30,4,8600000US75791,27936.0,2345.0,3858,3615,154,12,14,1,32
226,98020,7946,7815,7397,50,40,232,6,7,83,131,75,1,6,2,0,29,18,8600000US98020,56276.0,3843.0,7946,7472,51,46,234,6,36
227,6082,16418,16181,15614,266,16,171,1,9,104,237,126,11,2,1,1,72,24,8600000US06082,33246.0,1218.0,16418,15740,277,18,172,2,81
228,70122,17819,17267,4954,11830,22,183,4,76,198,552,305,93,2,1,2,96,53,8600000US70122,24268.0,1050.0,17819,5259,11923,24,184,6,172
229,84123,13386,12291,11448,170,115,328,85,7,138,1095,528,9,15,2,3,455,83,8600000US84123,25115.0,1122.0,13386,11976,179,130,330,88,462
230,36695,11931,11747,10377,1055,31,192,6,3,83,184,105,4,2,0,2,62,9,8600000US36695,32067.0,2114.0,11931,10482,1059,33,192,8,65
231,29479,2539,2518,964,1524,5,3,0,3,19,21,10,4,0,0,0,6,1,8600000US29479,17221.0,1791.0,2539,974,1528,5,3,0,9
232,78253,3242,2376,2080,186,17,53,4,2,34,866,557,2,3,4,0,266,34,8600000US78253,33321.0,1523.0,3242,2637,188,20,57,4,268
233,13662,6927,6870,6635,9,155,32,1,2,36,57,39,3,7,0,0,5,3,8600000US13662,26194.0,1888.0,6927,6674,12,162,32,1,7
234,61606,2887,2833,2116,581,6,69,0,5,56,54,19,2,0,1,0,30,2,8600000US61606,18293.0,2353.0,2887,2135,583,6,70,0,35
235,41008,2837,2776,2681,61,6,6,0,1,21,61,33,0,0,0,0,27,1,8600000US41008,23175.0,2424.0,2837,2714,61,6,6,0,28
236,24112,14406,14195,9070,4969,14,54,0,5,83,211,119,31,0,1,0,52,8,8600000US24112,22047.0,929.0,14406,9189,5000,14,55,0,57
237,27262,9690,9295,7272,1736,41,140,2,5,99,395,178,8,1,2,0,178,28,8600000US27262,24607.0,1787.0,9690,7450,1744,42,142,2,183
238,1938,5290,5247,5177,14,2,25,0,2,27,43,28,2,0,0,0,10,3,8600000US01938,45228.0,3218.0,5290,5205,16,2,25,0,12
239,46825,10029,9840,9060,423,32,231,2,9,83,189,89,5,6,0,1,70,18,8600000US46825,28045.0,1304.0,10029,9149,428,38,231,3,79
240,85033,14911,8158,6227,1331,162,199,16,14,209,6753,2964,37,58,13,8,3359,314,8600000US85033,12037.0,476.0,14911,9191,1368,220,212,24,3373
241,95678,11771,10178,9371,121,90,353,18,12,213,1593,824,5,35,12,3,592,122,8600000US95678,32495.0,1491.0,11771,10195,126,125,365,21,604
242,92337,7819,3908,2223,1083,36,410,17,10,129,3911,1391,31,54,15,7,2244,169,8600000US92337,22546.0,1061.0,7819,3614,1114,90,425,24,2254
243,2903,4299,3734,2762,433,31,297,0,41,170,565,204,25,5,4,3,256,68,8600000US02903,33478.0,3458.0,4299,2966,458,36,301,3,297
244,12304,8349,8058,6791,939,21,158,2,21,126,291,111,37,1,1,0,124,17,8600000US12304,26122.0,1934.0,8349,6902,976,22,159,2,145
245,19134,19888,14926,12318,1920,33,318,3,11,323,4962,1196,194,51,8,7,3237,269,8600000US19134,14556.0,793.0,19888,13514,2114,84,326,10,3248
246,49038,4037,3983,3876,46,24,12,0,1,24,54,29,1,1,1,0,18,4,8600000US49038,27674.0,2403.0,4037,3905,47,25,13,0,19
247,79549,5215,4064,3828,192,12,8,0,0,24,1151,609,3,15,0,0,492,32,8600000US79549,23721.0,1801.0,5215,4437,195,27,8,0,492
248,8110,5131,4207,2359,1490,33,226,2,8,89,924,311,41,5,3,0,520,44,8600000US08110,24171.0,1719.0,5131,2670,1531,38,229,2,528
249,54880,12907,12838,12392,47,240,54,1,1,103,69,38,1,3,0,0,18,9,8600000US54880,26378.0,969.0,12907,12430,48,243,54,1,19
0,77354,5325,4988,4772,135,26,6,0,5,44,337,187,1,4,0,0,125,20,8600000US77354,39144.0,3923.0,5325,4959,136,30,6,0,130
1,30066,17830,17366,15422,1198,36,519,8,16,167,464,282,12,6,3,2,127,32,8600000US30066,42876.0,2231.0,17830,15704,1210,42,522,10,143
2,84403,12249,11067,10506,145,62,200,26,3,125,1182,475,6,12,5,2,618,64,8600000US84403,28227.0,1775.0,12249,10981,151,74,205,28,621
3,3062,9992,9801,9082,153,14,449,0,16,87,191,109,10,4,1,0,53,14,8600000US03062,43440.0,1761.0,9992,9191,163,18,450,0,69
4,77027,8462,7815,7147,223,18,280,3,16,128,647,449,4,2,1,0,166,25,8600000US77027,89183.0,8128.0,8462,7596,227,20,281,3,182
5,55119,15161,14736,12774,1119,87,513,8,16,219,425,188,19,7,0,0,170,41,8600000US55119,26442.0,923.0,15161,12962,1138,94,513,8,186
6,81301,12708,11773,11273,21,259,46,4,29,141,935,461,5,34,0,0,383,52,8600000US81301,37845.0,2277.0,12708,11734,26,293,46,4,412
7,33187,4137,1713,1292,266,8,80,2,7,58,2424,2130,27,3,1,1,173,89,8600000US33187,25319.0,2085.0,4137,3422,293,11,81,3,180
8,60714,12324,11926,10592,35,3,1134,1,4,157,398,243,2,4,5,0,123,21,8600000US60714,29595.0,1760.0,12324,10835,37,7,1139,1,127
9,72904,7599,6898,4753,1362,83,512,2,6,180,701,214,7,6,5,2,400,67,8600000US72904,13544.0,834.0,7599,4967,1369,89,517,4,406
10,7310,3237,2960,1274,303,1,1295,2,17,68,277,133,12,2,1,1,115,13,8600000US07310,75204.0,6768.0,3237,1407,315,3,1296,3,132
11,34748,14035,13780,11653,1933,27,84,1,4,78,255,155,15,2,3,0,62,18,8600000US34748,25410.0,1252.0,14035,11808,1948,29,87,1,66
12,60187,21537,20989,19471,487,20,868,3,9,131,548,383,8,2,1,0,139,15,8600000US60187,43301.0,2144.0,21537,19854,495,22,869,3,148
13,38558,4377,4358,4320,12,3,5,0,0,18,19,11,0,0,0,1,5,2,8600000US38558,31945.0,2122.0,4377,4331,12,3,5,1,5
14,48035,13847,13665,12367,865,35,223,3,6,166,182,119,6,8,2,0,35,12,8600000US48035,24338.0,958.0,13847,12486,871,43,225,3,41
15,89703,4098,3951,3730,13,122,41,4,3,38,147,101,0,2,1,0,32,11,8600000US89703,41181.0,3272.0,4098,3831,13,124,42,4,35
16,7821,3068,2993,2910,27,6,25,0,1,24,75,56,1,1,0,0,12,5,8600000US07821,47044.0,3342.0,3068,2966,28,7,25,0,13
17,94580,9029,7430,5412,469,43,1182,40,17,267,1599,725,8,29,10,5,695,127,8600000US94580,30605.0,1375.0,9029,6137,477,72,1192,45,712
18,60525,12719,12175,11596,381,8,125,0,5,60,544,355,3,6,0,0,166,14,8600000US60525,46090.0,2222.0,12719,11951,384,14,125,0,171
19,21811,8183,8102,7087,915,11,42,1,3,43,81,59,7,0,0,0,11,4,8600000US21811,37333.0,2058.0,8183,7146,922,11,42,1,14
20,60422,3300,3248,2306,783,1,123,0,1,34,52,30,7,2,0,0,12,1,8600000US60422,50136.0,6203.0,3300,2336,790,3,123,0,13
21,55976,2561,2541,2510,10,4,3,0,0,14,20,15,0,1,0,0,4,0,8600000US55976,29215.0,2262.0,2561,2525,10,5,3,0,4
22,32208,12574,12476,3582,8742,33,23,2,5,89,98,42,32,1,1,0,13,9,8600000US32208,19704.0,1925.0,12574,3624,8774,34,24,2,18
23,12118,4892,4853,4776,23,5,19,2,1,27,39,29,0,0,0,0,10,0,8600000US12118,38019.0,2686.0,4892,4805,23,5,19,2,11
24,78209,18130,14627,13522,720,46,163,2,15,159,3503,2547,18,47,8,1,748,134,8600000US78209,55268.0,3980.0,18130,16069,738,93,171,3,763
25,33477,6325,6244,6188,8,3,21,0,2,22,81,72,1,0,1,0,4,3,8600000US33477,68812.0,5459.0,6325,6260,9,3,22,0,6
26,48208,5133,5058,402,4547,15,8,0,2,84,75,20,15,3,0,0,27,10,8600000US48208,19226.0,2671.0,5133,422,4562,18,8,0,29
27,70114,10358,9979,2673,7072,28,102,3,11,90,379,171,30,3,0,0,136,39,8600000US70114,20211.0,1127.0,10358,2844,7102,31,102,3,147
28,11766,2850,2768,2679,29,3,38,1,1,17,82,59,2,0,0,0,15,6,8600000US11766,46739.0,4014.0,2850,2738,31,3,38,1,16
29,46540,3172,3154,3101,7,8,14,1,0,23,18,8,0,0,1,0,6,3,8600000US46540,26500.0,1859.0,3172,3109,7,8,15,1,6
30,77076,8510,3412,2558,742,19,43,1,2,47,5098,2912,27,38,3,2,1854,262,8600000US77076,12474.0,763.0,8510,5470,769,57,46,3,1856
31,95135,5841,5390,3680,140,13,1463,7,6,81,451,247,4,5,8,0,168,19,8600000US95135,52101.0,3085.0,5841,3927,144,18,1471,7,174
32,11949,4216,4102,4009,43,6,21,2,4,17,114,86,3,0,1,0,19,5,8600000US11949,40446.0,3288.0,4216,4095,46,6,22,2,23
33,28723,2817,2773,2642,61,25,15,0,0,30,44,26,0,0,0,0,17,1,8600000US28723,15416.0,1533.0,2817,2668,61,25,15,0,17
34,15317,12357,12298,11840,319,6,79,1,6,47,59,48,0,0,2,1,6,2,8600000US15317,42834.0,1943.0,12357,11888,319,6,81,2,12
35,55102,8572,8228,7161,695,82,156,3,11,120,344,136,8,10,0,0,159,31,8600000US55102,37538.0,1752.0,8572,7297,703,92,156,3,170
36,69361,7203,6149,5934,13,113,48,1,2,38,1054,481,1,20,1,0,516,35,8600000US69361,25511.0,1928.0,7203,6415,14,133,49,1,518
37,98577,2612,2543,2372,4,40,70,3,2,52,69,41,0,3,1,0,22,2,8600000US98577,21632.0,1947.0,2612,2413,4,43,71,3,24
38,23223,16951,16809,2790,13761,44,52,3,16,143,142,35,55,0,1,0,35,16,8600000US23223,24850.0,2228.0,16951,2825,13816,44,53,3,51
39,53223,12422,12190,8098,3662,35,227,4,19,145,232,115,18,3,4,0,78,14,8600000US53223,24296.0,1203.0,12422,8213,3680,38,231,4,97
40,51632,2577,2569,2520,11,5,16,1,0,16,8,6,0,0,0,0,1,1,8600000US51632,24136.0,2865.0,2577,2526,11,5,16,1,1
41,15853,3011,3002,2970,5,1,12,0,2,12,9,9,0,0,0,0,0,0,8600000US15853,26210.0,2010.0,3011,2979,5,1,12,0,2
42,98383,7153,6917,5946,230,48,480,42,15,156,236,125,3,0,3,4,76,25,8600000US98383,37153.0,2121.0,7153,6071,233,48,483,46,91
43,64080,3605,3573,3510,13,18,7,0,0,25,32,20,1,1,0,0,6,4,8600000US64080,31444.0,2378.0,3605,3530,14,19,7,0,6
44,6905,8321,7877,6735,402,3,623,0,10,104,444,284,13,2,3,0,126,16,8600000US06905,58593.0,4466.0,8321,7019,415,5,626,0,136
45,45241,9867,9761,9109,308,10,268,3,9,54,106,74,0,0,0,0,24,8,8600000US45241,43569.0,2085.0,9867,9183,308,10,268,3,33
46,85024,7397,6970,6619,117,33,114,3,4,80,427,255,3,0,5,1,144,19,8600000US85024,35695.0,2096.0,7397,6874,120,33,119,4,148
47,43326,5515,5481,5377,45,15,14,0,2,28,34,25,0,1,0,0,5,3,8600000US43326,21846.0,1534.0,5515,5402,45,16,14,0,7
48,72113,4804,4751,4278,386,26,25,0,2,34,53,33,1,0,0,0,14,5,8600000US72113,35010.0,2440.0,4804,4311,387,26,25,0,16
49,28037,5052,5005,4820,142,13,7,0,0,23,47,31,0,1,0,0,8,7,8600000US28037,40046.0,2448.0,5052,4851,142,14,7,0,8
50,2645,4068,4051,3878,20,3,8,1,95,46,17,10,0,1,0,0,1,5,8600000US02645,43233.0,5271.0,4068,3888,20,4,8,1,96
51,53566,6082,6039,5985,12,14,10,0,1,17,43,28,0,1,0,0,11,3,8600000US53566,28539.0,1120.0,6082,6013,12,15,10,0,12
52,72956,10899,10577,9914,116,182,149,0,4,212,322,127,1,7,3,0,158,26,8600000US72956,22325.0,1208.0,10899,10041,117,189,152,0,162
53,79714,4593,3148,2977,80,27,27,1,2,34,1445,763,3,13,1,0,598,67,8600000US79714,29903.0,3147.0,4593,3740,83,40,28,1,600
54,89410,7745,7351,7003,15,168,58,10,5,92,394,238,1,16,1,1,117,20,8600000US89410,31564.0,2186.0,7745,7241,16,184,59,11,122
55,45002,4177,4160,4117,12,3,5,2,0,21,17,13,0,0,0,0,3,1,8600000US45002,31881.0,2237.0,4177,4130,12,3,5,2,3
56,80110,18753,16802,15843,253,130,319,10,10,237,1951,1002,13,71,3,1,732,129,8600000US80110,28289.0,1841.0,18753,16845,266,201,322,11,742
57,6002,7901,7714,3914,3526,11,87,1,12,163,187,70,33,2,0,0,68,14,8600000US06002,41515.0,3048.0,7901,3984,3559,13,87,1,80
58,48390,7929,7854,7594,53,11,131,1,6,58,75,51,0,0,2,0,17,5,8600000US48390,37929.0,1593.0,7929,7645,53,11,133,1,23
59,46561,4098,4074,3989,28,5,30,0,2,20,24,14,0,0,0,0,8,2,8600000US46561,26617.0,1614.0,4098,4003,28,5,30,0,10
60,74948,4190,4128,3073,78,625,10,2,1,339,62,24,0,4,0,1,27,6,8600000US74948,19316.0,1203.0,4190,3097,78,629,10,3,28
61,72010,2536,2503,2386,70,14,5,1,0,27,33,21,0,1,1,0,9,1,8600000US72010,17743.0,2002.0,2536,2407,70,15,6,1,9
62,27601,3434,3314,520,2732,11,12,1,5,33,120,43,11,2,0,1,52,11,8600000US27601,25909.0,3337.0,3434,563,2743,13,12,2,57
63,79118,4466,4142,4021,27,39,7,0,1,47,324,123,0,8,0,0,183,10,8600000US79118,31158.0,1633.0,4466,4144,27,47,7,0,184
64,30525,3062,2972,2915,20,6,10,0,2,19,90,26,0,0,0,1,61,2,8600000US30525,27287.0,4934.0,3062,2941,20,6,10,1,63
65,31008,4882,4817,4271,496,6,9,0,3,32,65,35,2,0,0,0,23,5,8600000US31008,26353.0,1684.0,4882,4306,498,6,9,0,26
66,32082,11866,11620,11318,120,23,97,3,1,58,246,193,2,2,2,1,39,7,8600000US32082,66925.0,4270.0,11866,11511,122,25,99,4,40
67,4102,7830,7753,7359,122,27,157,0,7,81,77,43,5,1,3,0,20,5,8600000US04102,32202.0,2037.0,7830,7402,127,28,160,0,27
68,60108,8296,7992,7155,196,8,565,0,3,65,304,199,0,1,1,0,83,20,8600000US60108,39449.0,1954.0,8296,7354,196,9,566,0,86
69,10547,2828,2609,2405,100,2,69,0,6,27,219,121,1,2,0,0,80,15,8600000US10547,35977.0,2764.0,2828,2526,101,4,69,0,86
70,24504,3543,3520,1342,2128,9,7,1,4,29,23,7,4,0,0,0,7,5,8600000US24504,23340.0,2574.0,3543,1349,2132,9,7,1,11
71,18704,14284,14215,14003,78,14,65,1,5,49,69,47,3,0,0,0,15,4,8600000US18704,28259.0,1413.0,14284,14050,81,14,65,1,20
72,11581,7059,6707,6046,199,5,377,2,15,63,352,246,6,0,2,0,66,32,8600000US11581,43109.0,2551.0,7059,6292,205,5,379,2,81
73,73162,10126,9941,8609,599,191,346,2,6,188,185,106,3,3,0,2,56,15,8600000US73162,36099.0,1719.0,10126,8715,602,194,346,4,62
74,99218,4714,4643,4428,40,43,67,9,1,55,71,44,1,3,2,0,16,5,8600000US99218,24825.0,1897.0,4714,4472,41,46,69,9,17
75,20636,2932,2908,2673,198,6,17,1,1,12,24,14,1,0,0,0,8,1,8600000US20636,41815.0,3831.0,2932,2687,199,6,17,1,9
76,32952,8373,8133,7871,69,23,100,3,9,58,240,192,2,1,0,0,29,16,8600000US32952,40826.0,3846.0,8373,8063,71,24,100,3,38
77,1462,3536,3512,3438,21,7,25,1,1,19,24,16,2,0,0,0,5,1,8600000US01462,41737.0,3351.0,3536,3454,23,7,25,1,6
78,35967,6572,6214,5860,215,40,23,3,1,72,358,77,3,6,0,5,240,27,8600000US35967,19606.0,1580.0,6572,5937,218,46,23,8,241
79,96768,5328,4958,2417,23,11,1255,325,8,919,370,115,0,5,35,21,58,136,8600000US96768,31389.0,2053.0,5328,2532,23,16,1290,346,66
80,28754,2817,2797,2738,30,4,6,0,0,19,20,12,0,1,0,0,7,0,8600000US28754,23134.0,2591.0,2817,2750,30,5,6,0,7
81,60652,12865,11320,5893,5099,5,112,0,9,202,1545,599,22,21,2,3,833,65,8600000US60652,24302.0,1163.0,12865,6492,5121,26,114,3,842
82,78237,10191,659,233,384,19,8,2,2,11,9532,6358,18,112,8,4,2628,404,8600000US78237,13041.0,843.0,10191,6591,402,131,16,6,2630
83,29455,5353,5180,3587,1513,18,19,3,4,36,173,84,6,0,0,0,78,5,8600000US29455,46292.0,3081.0,5353,3671,1519,18,19,3,82
84,10579,2732,2622,2545,31,6,17,0,4,19,110,83,2,1,0,0,19,5,8600000US10579,46908.0,4217.0,2732,2628,33,7,17,0,23
85,60402,22225,16956,15972,193,30,420,1,26,314,5269,2434,30,43,10,2,2511,239,8600000US60402,23692.0,1053.0,22225,18406,223,73,430,3,2537
86,68508,4636,4358,3821,222,41,174,3,8,89,278,93,4,8,0,0,157,16,8600000US68508,11492.0,785.0,4636,3914,226,49,174,3,165
87,1879,3728,3700,3584,17,9,63,1,0,26,28,23,0,1,0,0,4,0,8600000US01879,43685.0,4018.0,3728,3607,17,10,63,1,4
88,48116,9382,9295,9118,19,39,56,1,3,59,87,51,1,1,0,1,21,12,8600000US48116,45152.0,2465.0,9382,9169,20,40,56,2,24
89,3031,3612,3591,3518,16,3,38,1,2,13,21,19,0,1,0,0,0,1,8600000US03031,54818.0,4062.0,3612,3537,16,4,38,1,2
90,90077,4182,4101,3740,59,2,201,0,6,93,81,64,1,0,0,1,14,1,8600000US90077,110727.0,15431.0,4182,3804,60,2,201,1,20
91,23185,14912,14729,12429,1890,29,241,5,14,121,183,116,8,1,0,0,49,9,8600000US23185,40583.0,2327.0,14912,12545,1898,30,241,5,63
92,50138,4597,4571,4482,45,10,13,1,1,19,26,15,0,1,0,0,8,2,8600000US50138,26265.0,1418.0,4597,4497,45,11,13,1,9
93,75211,18806,6922,4549,1967,99,158,1,11,137,11884,5082,41,66,9,5,6101,580,8600000US75211,14994.0,645.0,18806,9631,2008,165,167,6,6112
94,17557,4588,4471,4341,28,2,74,0,1,25,117,56,2,0,2,0,46,11,8600000US17557,25221.0,2258.0,4588,4397,30,2,76,0,47
95,19118,4316,4246,3383,708,8,92,0,4,51,70,42,2,0,0,0,18,8,8600000US19118,59429.0,5456.0,4316,3425,710,8,92,0,22
96,31064,2970,2933,2055,856,6,5,0,2,9,37,25,2,0,0,0,6,4,8600000US31064,19450.0,1855.0,2970,2080,858,6,5,0,8
97,33033,9193,4167,2473,1469,15,83,3,9,115,5026,3909,114,8,0,2,744,249,8600000US33033,16135.0,920.0,9193,6382,1583,23,83,5,753
98,91024,4746,4388,4005,47,12,222,4,14,84,358,235,0,4,0,0,94,25,8600000US91024,55040.0,4962.0,4746,4240,47,16,222,4,108
99,87109,17924,13520,11753,483,623,361,18,23,259,4404,2386,23,53,10,4,1658,270,8600000US87109,30231.0,1754.0,17924,14139,506,676,371,22,1681
100,48461,2557,2520,2493,2,2,2,1,0,20,37,19,0,3,0,0,13,2,8600000US48461,26996.0,2578.0,2557,2512,2,5,2,1,13
101,22801,10075,9397,8722,330,8,197,3,3,134,678,392,25,6,2,0,219,34,8600000US22801,23639.0,1637.0,10075,9114,355,14,199,3,222
102,98006,13046,12800,10300,219,30,2039,16,22,174,246,140,5,2,8,1,73,17,8600000US98006,61665.0,3310.0,13046,10440,224,32,2047,17,95
103,84737,3830,3753,3668,3,27,8,11,5,31,77,42,1,2,0,0,26,6,8600000US84737,21504.0,1867.0,3830,3710,4,29,8,11,31
104,14227,10388,10321,9966,182,13,109,3,3,45,67,45,1,1,0,0,16,4,8600000US14227,29886.0,1125.0,10388,10011,183,14,109,3,19
105,91724,8338,6095,4785,319,49,739,8,14,181,2243,1233,12,33,8,1,836,120,8600000US91724,31594.0,1412.0,8338,6018,331,82,747,9,850
106,44287,2507,2496,2465,8,4,4,1,1,13,11,7,1,1,0,0,1,1,8600000US44287,23678.0,1888.0,2507,2472,9,5,4,1,2
107,44023,4798,4773,4538,187,2,21,1,5,19,25,14,1,1,0,0,5,4,8600000US44023,54788.0,3843.0,4798,4552,188,3,21,1,10
108,6704,9884,8023,4876,2742,39,82,1,64,219,1861,692,101,15,3,5,938,107,8600000US06704,17962.0,1208.0,9884,5568,2843,54,85,6,1002
109,72076,14564,14238,11130,2643,69,178,10,10,198,326,169,12,7,0,1,109,28,8600000US72076,21303.0,1096.0,14564,11299,2655,76,178,11,119
110,55127,6293,6248,5976,42,14,182,0,3,31,45,24,2,4,0,0,13,2,8600000US55127,55416.0,5229.0,6293,6000,44,18,182,0,16
111,60016,23019,21519,17685,571,23,2850,1,16,373,1500,930,11,13,8,1,456,81,8600000US60016,31142.0,1097.0,23019,18615,582,36,2858,2,472
112,48198,15785,15489,10730,4198,81,175,3,29,273,296,154,17,6,1,0,92,26,8600000US48198,25292.0,977.0,15785,10884,4215,87,176,3,121
113,91737,7463,6298,4964,599,20,502,6,12,195,1165,628,5,12,11,2,429,78,8600000US91737,39872.0,2222.0,7463,5592,604,32,513,8,441
114,98023,16966,16226,12590,1180,112,1782,112,31,419,740,339,23,7,12,3,292,64,8600000US98023,33428.0,1394.0,16966,12929,1203,119,1794,115,323
115,84405,8664,8238,7893,117,38,98,16,4,72,426,196,6,13,4,1,176,30,8600000US84405,26496.0,1353.0,8664,8089,123,51,102,17,180
116,5156,3810,3796,3738,5,5,17,3,0,28,14,13,0,0,0,0,1,0,8600000US05156,25484.0,2495.0,3810,3751,5,5,17,3,1
117,10580,5887,5680,5264,74,2,295,1,9,35,207,142,1,3,3,0,48,10,8600000US10580,96920.0,5736.0,5887,5406,75,5,298,1,57
118,98366,11726,11380,10351,220,125,251,89,18,326,346,198,7,10,5,2,90,34,8600000US98366,29378.0,2145.0,11726,10549,227,135,256,91,108
119,93705,12175,8176,6196,1029,108,538,9,19,277,3999,1350,26,79,13,6,2303,222,8600000US93705,15644.0,895.0,12175,7546,1055,187,551,15,2322
120,55112,16844,16633,15519,364,80,494,7,15,154,211,107,4,2,3,0,75,20,8600000US55112,34757.0,1164.0,16844,15626,368,82,497,7,90
121,31032,3809,3792,2952,809,8,7,0,2,14,17,4,4,0,0,0,8,1,8600000US31032,28746.0,3518.0,3809,2956,813,8,7,0,10
122,84094,8316,8005,7695,37,24,157,24,3,65,311,170,3,4,1,1,116,16,8600000US84094,28776.0,1120.0,8316,7865,40,28,158,25,119
123,90803,17677,16211,14701,367,60,648,21,38,376,1466,843,6,31,16,2,455,113,8600000US90803,64467.0,3991.0,17677,15544,373,91,664,23,493
124,98102,12434,12030,10498,409,83,669,20,37,314,404,234,13,8,4,2,104,39,8600000US98102,71933.0,4498.0,12434,10732,422,91,673,22,141
125,5301,7154,7084,6854,45,19,64,2,9,91,70,47,3,0,0,0,11,9,8600000US05301,29748.0,1430.0,7154,6901,48,19,64,2,20
126,7452,3977,3896,3611,62,2,202,1,2,16,81,68,1,1,0,0,8,3,8600000US07452,69832.0,7832.0,3977,3679,63,3,202,1,10
127,19966,7629,7509,6355,895,159,39,0,10,51,120,49,9,3,1,0,51,7,8600000US19966,27689.0,1349.0,7629,6404,904,162,40,0,61
128,35020,12199,12086,3450,8516,26,13,1,4,76,113,33,36,4,1,0,32,7,8600000US35020,15722.0,1003.0,12199,3483,8552,30,14,1,36
129,80634,15545,13760,13320,75,52,149,12,12,140,1785,868,6,32,2,0,783,94,8600000US80634,32016.0,1534.0,15545,14188,81,84,151,12,795
130,60450,7356,7093,6998,16,13,27,0,1,38,263,160,0,1,0,0,83,19,8600000US60450,34369.0,2126.0,7356,7158,16,14,27,0,84
131,91765,14662,12430,5856,783,26,5419,18,18,310,2232,1272,9,24,19,1,781,126,8600000US91765,36864.0,1764.0,14662,7128,792,50,5438,19,799
132,75060,14876,10836,9170,775,103,608,10,9,161,4040,2027,12,21,6,3,1742,229,8600000US75060,19540.0,849.0,14876,11197,787,124,614,13,1751
133,85382,14581,13902,13301,252,48,181,5,5,110,679,392,6,5,3,1,228,44,8600000US85382,31582.0,1121.0,14581,13693,258,53,184,6,233
134,34110,7327,7149,7069,35,6,16,2,2,19,178,135,1,2,1,0,27,12,8600000US34110,54060.0,4528.0,7327,7204,36,8,17,2,29
135,34608,9677,9168,8855,200,12,51,0,5,45,509,392,13,2,1,0,76,25,8600000US34608,20794.0,974.0,9677,9247,213,14,52,0,81
136,28540,15860,15115,11146,3375,104,188,18,17,267,745,310,36,10,7,2,314,66,8600000US28540,22457.0,1036.0,15860,11456,3411,114,195,20,331
137,91303,7537,4310,3061,369,21,643,7,21,188,3227,1417,17,44,7,2,1556,184,8600000US91303,21929.0,1178.0,7537,4478,386,65,650,9,1577
138,21102,3201,3182,3118,33,8,4,0,6,13,19,14,0,0,0,0,3,2,8600000US21102,37151.0,2397.0,3201,3132,33,8,4,0,9
139,11950,4176,3785,3409,206,86,36,0,6,42,391,252,8,3,1,0,114,13,8600000US11950,24631.0,1833.0,4176,3661,214,89,37,0,120
140,32789,10336,9905,8575,1083,14,113,6,8,106,431,315,12,3,1,0,81,19,8600000US32789,57399.0,3582.0,10336,8890,1095,17,114,6,89
141,93546,3273,2858,2725,9,17,46,5,27,29,415,191,2,6,0,0,197,19,8600000US93546,31830.0,2904.0,3273,2916,11,23,46,5,224
142,30117,11634,11247,8668,2404,19,72,0,11,73,387,154,13,3,2,0,166,49,8600000US30117,22203.0,1493.0,11634,8822,2417,22,74,0,177
143,24014,10277,10176,9543,381,13,158,1,5,75,101,58,6,2,1,0,27,7,8600000US24014,33608.0,2429.0,10277,9601,387,15,159,1,32
144,99006,3303,3268,3164,2,36,4,4,7,51,35,24,0,1,0,0,10,0,8600000US99006,26884.0,1997.0,3303,3188,2,37,4,4,17
145,33009,17944,15234,12826,1967,29,130,4,17,261,2710,2179,54,5,2,0,333,137,8600000US33009,25175.0,1518.0,17944,15005,2021,34,132,4,350
146,2129,7350,6780,6251,190,7,257,3,9,63,570,201,63,12,1,1,245,47,8600000US02129,69219.0,4690.0,7350,6452,253,19,258,4,254
147,89147,14993,13559,10598,713,44,1749,41,15,399,1434,757,15,8,11,5,533,105,8600000US89147,27063.0,1632.0,14993,11355,728,52,1760,46,548
148,95616,24640,22665,17308,522,107,3909,35,70,714,1975,882,20,45,20,2,837,169,8600000US95616,30344.0,2099.0,24640,18190,542,152,3929,37,907
149,36105,5406,5372,888,4448,5,9,0,2,20,34,7,18,0,0,0,8,1,8600000US36105,19611.0,2027.0,5406,895,4466,5,9,0,10
150,43064,3655,3634,3549,53,1,10,0,1,20,21,11,0,0,0,0,10,0,8600000US43064,37455.0,2861.0,3655,3560,53,1,10,0,11
151,92284,8434,7821,7375,142,73,69,11,11,140,613,300,3,25,1,3,245,36,8600000US92284,23777.0,1513.0,8434,7675,145,98,70,14,256
152,46360,17786,17462,14407,2746,46,80,2,12,169,324,191,12,4,3,0,95,19,8600000US46360,23184.0,744.0,17786,14598,2758,50,83,2,107
153,36830,12181,11997,9557,1878,26,423,3,7,103,184,98,6,3,1,0,67,9,8600000US36830,32619.0,2156.0,12181,9655,1884,29,424,3,74
154,30168,7606,7132,2712,4252,12,59,1,4,92,474,162,15,3,0,0,262,32,8600000US30168,18712.0,1228.0,7606,2874,4267,15,59,1,266
155,29853,2629,2615,1546,1036,8,2,1,1,21,14,7,2,0,0,0,4,1,8600000US29853,19548.0,2623.0,2629,1553,1038,8,2,1,5
156,48313,12363,12218,11722,148,16,211,0,5,116,145,103,2,0,1,0,32,7,8600000US48313,30098.0,1408.0,12363,11825,150,16,212,0,37
157,47362,12067,11992,11748,150,22,19,1,1,51,75,50,0,0,0,0,18,7,8600000US47362,22080.0,1904.0,12067,11798,150,22,19,1,19
158,26062,9732,9672,9212,357,9,42,2,4,46,60,48,0,2,1,0,6,3,8600000US26062,26231.0,1692.0,9732,9260,357,11,43,2,10
159,41075,7067,7034,6897,44,8,42,0,7,36,33,24,0,0,0,0,6,3,8600000US41075,40357.0,2631.0,7067,6921,44,8,42,0,13
160,55302,2568,2556,2534,8,5,0,1,0,8,12,7,0,0,0,0,4,1,8600000US55302,31846.0,1967.0,2568,2541,8,5,0,1,4
161,60084,4875,4599,4506,17,5,48,2,4,17,276,130,1,2,0,1,133,9,8600000US60084,36703.0,2693.0,4875,4636,18,7,48,3,137
162,63645,4285,4267,4207,4,10,10,0,2,34,18,15,0,1,0,0,1,1,8600000US63645,20014.0,1213.0,4285,4222,4,11,10,0,3
163,28205,19254,17837,9869,7057,82,490,4,33,302,1417,554,39,12,4,1,724,83,8600000US28205,30248.0,1280.0,19254,10423,7096,94,494,5,757
164,62095,4422,4382,4306,29,6,14,1,4,22,40,29,0,2,0,0,7,2,8600000US62095,23673.0,1765.0,4422,4335,29,8,14,1,11
165,27909,12907,12790,7904,4633,35,87,3,13,115,117,54,14,1,1,0,40,7,8600000US27909,23724.0,1157.0,12907,7958,4647,36,88,3,53
166,85253,6818,6681,6433,57,13,126,5,5,42,137,111,1,2,0,0,17,6,8600000US85253,103210.0,8237.0,6818,6544,58,15,126,5,22
167,92618,2635,2490,1836,46,2,503,4,13,86,145,77,0,1,0,0,59,8,8600000US92618,52239.0,3856.0,2635,1913,46,3,503,4,72
168,92240,8126,5911,5201,361,55,124,3,5,162,2215,1128,19,38,6,2,868,154,8600000US92240,16028.0,928.0,8126,6329,380,93,130,5,873
169,10308,9439,9042,8784,24,3,181,2,4,44,397,320,0,4,3,1,58,11,8600000US10308,37435.0,2347.0,9439,9104,24,7,184,3,62
170,63366,19761,19554,18873,391,41,104,4,6,135,207,124,0,7,1,1,60,14,8600000US63366,33677.0,1527.0,19761,18997,391,48,105,5,66
171,70346,3687,3637,1446,2168,5,5,0,2,11,50,25,6,2,0,0,15,2,8600000US70346,19197.0,1763.0,3687,1471,2174,7,5,0,17
172,77705,10372,9951,4001,5669,23,163,2,9,84,421,202,24,3,1,0,172,19,8600000US77705,16477.0,1150.0,10372,4203,5693,26,164,2,181
173,53083,7550,7454,7294,14,20,95,1,1,29,96,49,1,1,0,0,42,3,8600000US53083,31984.0,1880.0,7550,7343,15,21,95,1,43
174,20602,7507,7341,4934,2139,53,97,7,6,105,166,103,11,1,0,1,40,10,8600000US20602,33458.0,1794.0,7507,5037,2150,54,97,8,46
175,60712,4485,4346,3569,14,3,685,0,3,72,139,99,1,0,1,0,30,8,8600000US60712,39571.0,3347.0,4485,3668,15,3,686,0,33
176,20817,13171,12604,10955,326,11,1133,1,25,153,567,435,8,4,4,0,84,32,8600000US20817,91919.0,3691.0,13171,11390,334,15,1137,1,109
177,11206,22301,10722,1604,7720,43,890,2,117,346,11579,3981,724,122,10,14,5815,913,8600000US11206,21148.0,1040.0,22301,5585,8444,165,900,16,5932
178,44646,17923,17781,16298,1233,42,78,1,7,122,142,114,4,1,0,0,18,5,8600000US44646,29242.0,1022.0,17923,16412,1237,43,78,1,25
179,33843,3695,3205,2926,206,13,5,0,1,54,490,128,5,7,1,1,321,27,8600000US33843,15544.0,1564.0,3695,3054,211,20,6,1,322
180,93215,8940,2923,1124,175,38,1408,3,18,157,6017,1664,23,69,63,4,3925,269,8600000US93215,12566.0,663.0,8940,2788,198,107,1471,7,3943
181,6355,4938,4877,4640,65,26,95,1,0,50,61,41,2,1,0,0,12,5,8600000US06355,52048.0,3025.0,4938,4681,67,27,95,1,12
182,64127,7643,6862,1743,4857,42,75,3,10,132,781,254,24,10,1,1,445,46,8600000US64127,15860.0,1889.0,7643,1997,4881,52,76,4,455
183,32606,7396,7021,6232,404,14,297,0,4,70,375,271,4,0,3,0,75,22,8600000US32606,31921.0,1766.0,7396,6503,408,14,300,0,79
184,54162,2637,2626,2597,3,17,5,0,0,4,11,9,0,0,1,0,1,0,8600000US54162,28511.0,1461.0,2637,2606,3,17,6,0,1
185,54650,7832,7790,7615,26,22,97,0,2,28,42,26,1,2,1,0,9,3,8600000US54650,36278.0,2644.0,7832,7641,27,24,98,0,11
186,92127,6936,6505,5356,178,22,775,14,10,150,431,239,4,4,3,0,146,35,8600000US92127,54485.0,3235.0,6936,5595,182,26,778,14,156
187,75672,6633,6486,5124,1288,19,20,0,0,35,147,60,5,2,0,0,70,10,8600000US75672,25985.0,1864.0,6633,5184,1293,21,20,0,70
188,85344,4021,3253,2470,38,658,23,0,3,61,768,334,0,67,1,1,339,26,8600000US85344,19931.0,2212.0,4021,2804,38,725,24,1,342
189,79762,14461,11564,10763,466,86,142,1,0,106,2897,1628,7,19,3,3,1070,167,8600000US79762,31697.0,2541.0,14461,12391,473,105,145,4,1070
190,6712,3008,2972,2902,38,1,14,0,6,11,36,29,0,0,0,0,6,1,8600000US06712,41285.0,2960.0,3008,2931,38,1,14,0,12
191,76119,12593,10659,3033,7427,29,73,3,5,89,1934,819,39,13,1,0,956,106,8600000US76119,14383.0,759.0,12593,3852,7466,42,74,3,961
192,30094,8964,8843,7530,1121,21,106,2,7,56,121,70,4,0,0,0,40,7,8600000US30094,27057.0,1418.0,8964,7600,1125,21,106,2,47
193,49712,3225,3208,3147,1,34,2,2,0,22,17,11,0,0,0,0,6,0,8600000US49712,30237.0,1626.0,3225,3158,1,34,2,2,6
194,98273,9053,7810,7340,53,74,170,7,19,147,1243,378,1,13,3,2,804,42,8600000US98273,25011.0,1461.0,9053,7718,54,87,173,9,823
195,16438,3093,3082,3059,2,3,8,0,0,10,11,8,0,1,0,0,1,1,8600000US16438,24364.0,1700.0,3093,3067,2,4,8,0,1
196,18015,10507,8329,7632,347,19,214,1,8,108,2178,862,44,12,3,2,1119,136,8600000US18015,26606.0,2133.0,10507,8494,391,31,217,3,1127
197,41472,3545,3535,3513,3,2,0,0,0,17,10,9,0,0,0,0,1,0,8600000US41472,16766.0,1499.0,3545,3522,3,2,0,0,1
198,72002,4840,4790,4557,140,36,16,0,0,41,50,24,1,1,0,0,21,3,8600000US72002,26249.0,1918.0,4840,4581,141,37,16,0,21
199,90230,12902,10352,6444,1976,32,1520,19,31,330,2550,1227,32,34,5,2,1063,187,8600000US90230,42370.0,2034.0,12902,7671,2008,66,1525,21,1094
200,2138,14182,13632,11385,729,27,1203,3,44,241,550,380,17,3,3,0,102,45,8600000US02138,53368.0,3346.0,14182,11765,746,30,1206,3,146
201,27501,4853,4524,3873,579,16,20,1,1,34,329,130,5,2,0,0,174,18,8600000US27501,23225.0,1388.0,4853,4003,584,18,20,1,175
202,38105,3671,3625,403,3085,1,95,0,2,39,46,20,15,0,1,0,7,3,8600000US38105,16697.0,2708.0,3671,423,3100,1,96,0,9
203,48381,4447,4413,4340,16,8,9,0,3,37,34,27,0,1,0,0,4,2,8600000US48381,39897.0,2474.0,4447,4367,16,9,9,0,7
204,29349,8868,8767,7827,821,17,59,0,0,43,101,47,1,0,1,0,46,6,8600000US29349,27997.0,1897.0,8868,7874,822,17,60,0,46
205,3275,4571,4545,4475,18,7,14,0,1,30,26,18,1,1,0,0,3,3,8600000US03275,34255.0,3718.0,4571,4493,19,8,14,0,4
206,98203,12231,11820,10771,232,128,454,17,8,210,411,244,6,6,3,3,114,35,8600000US98203,33078.0,1730.0,12231,11015,238,134,457,20,122
207,41129,3895,3888,3856,8,8,0,0,0,16,7,6,0,0,1,0,0,0,8600000US41129,24825.0,2828.0,3895,3862,8,8,1,0,0
208,57006,7951,7910,7642,33,56,134,3,5,37,41,23,0,2,1,1,12,2,8600000US57006,26174.0,1638.0,7951,7665,33,58,135,4,17
209,10803,4229,4028,3623,197,2,143,0,7,56,201,120,9,0,1,0,58,13,8600000US10803,77330.0,5615.0,4229,3743,206,2,144,0,65
210,28303,12969,12215,6934,4567,84,346,35,23,226,754,300,60,8,3,1,324,58,8600000US28303,27710.0,2239.0,12969,7234,4627,92,349,36,347
211,76310,5790,5497,5148,150,39,89,3,1,67,293,141,2,5,2,0,129,14,8600000US76310,34100.0,2605.0,5790,5289,152,44,91,3,130
212,75961,12469,11967,9637,2090,40,95,4,6,95,502,249,13,3,0,0,206,31,8600000US75961,22952.0,3951.0,12469,9886,2103,43,95,4,212
213,7631,9273,7839,3645,3508,12,435,3,20,216,1434,717,88,6,1,0,504,118,8600000US07631,48283.0,3768.0,9273,4362,3596,18,436,3,524
214,34431,2919,2841,2719,83,6,11,1,1,20,78,55,2,0,0,0,17,4,8600000US34431,20632.0,2586.0,2919,2774,85,6,11,1,18
215,2149,15435,14447,12510,771,37,324,5,179,621,988,476,34,5,3,0,361,109,8600000US02149,25570.0,1516.0,15435,12986,805,42,327,5,540
216,93927,3143,847,742,30,10,30,4,3,28,2296,794,3,29,3,1,1341,125,8600000US93927,15417.0,1055.0,3143,1536,33,39,33,5,1344
217,33026,11495,9563,8332,763,9,263,3,28,165,1932,1639,19,3,2,1,180,88,8600000US33026,34627.0,1740.0,11495,9971,782,12,265,4,208
218,75234,10259,7848,7132,277,50,272,3,3,111,2411,1431,4,8,2,0,860,106,8600000US75234,30497.0,1759.0,10259,8563,281,58,274,3,863
219,98250,3059,3009,2928,5,25,16,1,4,30,50,25,1,1,0,0,19,4,8600000US98250,42342.0,2535.0,3059,2953,6,26,16,1,23
220,2660,3342,3315,3233,36,8,4,0,11,23,27,21,0,2,0,0,3,1,8600000US02660,37433.0,4963.0,3342,3254,36,10,4,0,14
221,45039,5716,5662,5492,60,9,70,2,0,29,54,36,1,0,0,0,15,2,8600000US45039,39546.0,3432.0,5716,5528,61,9,70,2,15
222,76208,3798,3350,3086,174,21,24,2,1,42,448,195,1,2,0,1,230,19,8600000US76208,31601.0,1885.0,3798,3281,175,23,24,3,231
223,42141,11115,11035,10403,519,16,50,2,2,43,80,45,0,1,0,1,30,3,8600000US42141,20895.0,1005.0,11115,10448,519,17,50,3,32
224,11550,15999,12392,2648,9058,57,191,7,50,381,3607,1421,237,28,2,2,1583,334,8600000US11550,23540.0,985.0,15999,4069,9295,85,193,9,1633
225,80504,3001,2791,2710,7,8,32,2,0,32,210,107,0,4,1,1,89,8,8600000US80504,37051.0,1462.0,3001,2817,7,12,33,3,89
226,37209,13142,12723,9088,2936,48,407,7,16,221,419,200,11,4,3,1,182,18,8600000US37209,28637.0,1755.0,13142,9288,2947,52,410,8,198
227,60302,14896,14436,10369,3311,14,537,3,19,183,460,286,20,3,0,0,118,33,8600000US60302,55166.0,2462.0,14896,10655,3331,17,537,3,137
228,96766,3974,3793,941,9,7,2129,187,5,515,181,45,0,5,43,11,17,60,8600000US96766,29306.0,3690.0,3974,986,9,12,2172,198,22
229,18073,2535,2515,2483,12,1,7,0,0,12,20,13,1,0,0,0,6,0,8600000US18073,33577.0,4187.0,2535,2496,13,1,7,0,6
230,7747,10897,10444,8928,516,6,873,3,14,104,453,333,16,1,7,0,70,26,8600000US07747,45939.0,1702.0,10897,9261,532,7,880,3,84
231,85234,11819,10758,10091,253,48,233,12,7,114,1061,520,5,10,1,2,467,56,8600000US85234,32049.0,1315.0,11819,10611,258,58,234,14,474
232,7624,2963,2875,2324,25,4,497,0,1,24,88,68,0,0,1,0,13,6,8600000US07624,57003.0,8511.0,2963,2392,25,4,498,0,14
233,13903,7900,7781,7125,407,9,119,2,5,114,119,50,17,1,0,0,46,5,8600000US13903,29261.0,1784.0,7900,7175,424,10,119,2,51
234,18013,6443,6396,6337,15,6,13,0,1,24,47,36,0,0,0,0,8,3,8600000US18013,30003.0,1883.0,6443,6373,15,6,13,0,9
235,58078,5813,5754,5650,16,45,10,2,3,28,59,26,1,1,0,0,26,5,8600000US58078,37562.0,2238.0,5813,5676,17,46,10,2,29
236,33483,6673,6453,6090,215,12,37,4,3,92,220,167,4,1,1,0,28,19,8600000US33483,82772.0,9627.0,6673,6257,219,13,38,4,31
237,43203,4615,4568,433,3937,19,23,4,11,141,47,6,20,2,0,0,14,5,8600000US43203,17881.0,1824.0,4615,439,3957,21,23,4,25
238,30297,9723,8513,4188,3738,25,439,2,6,115,1210,557,46,15,3,0,527,62,8600000US30297,14903.0,1226.0,9723,4745,3784,40,442,2,533
239,88101,15601,11729,10092,1069,96,247,12,11,202,3872,1777,24,66,5,4,1810,186,8600000US88101,22718.0,1635.0,15601,11869,1093,162,252,16,1821
240,31907,20427,19779,8719,10511,53,235,24,22,215,648,268,85,3,6,1,225,60,8600000US31907,21087.0,1360.0,20427,8987,10596,56,241,25,247
241,94066,14494,11944,8322,297,34,2406,225,62,598,2550,1193,9,25,14,6,1068,235,8600000US94066,41559.0,1488.0,14494,9515,306,59,2420,231,1130
242,27607,7162,6943,5780,740,14,302,2,8,97,219,122,5,1,2,0,75,14,8600000US27607,32774.0,2032.0,7162,5902,745,15,304,2,83
243,77583,3204,2378,1678,517,12,121,0,4,46,826,404,5,6,1,0,374,36,8600000US77583,18620.0,1545.0,3204,2082,522,18,122,0,378
244,28117,7052,6995,6777,104,15,75,1,1,22,57,37,4,0,0,0,13,3,8600000US28117,48215.0,3058.0,7052,6814,108,15,75,1,14
245,35216,14082,13576,12116,970,21,348,6,8,107,506,286,5,5,0,1,184,25,8600000US35216,37675.0,2206.0,14082,12402,975,26,348,7,192
246,74344,5273,5219,4479,2,486,5,1,0,246,54,25,0,6,0,0,20,3,8600000US74344,26510.0,1835.0,5273,4504,2,492,5,1,20
247,78602,6279,5572,4805,633,36,36,1,3,58,707,426,6,3,0,0,242,30,8600000US78602,24889.0,2143.0,6279,5231,639,39,36,1,245
248,84121,15018,14663,14052,75,30,328,27,10,141,355,206,8,4,1,0,113,23,8600000US84121,44574.0,2305.0,15018,14258,83,34,329,27,123
249,78023,2727,2135,1999,55,11,33,5,1,31,592,435,0,4,1,0,132,20,8600000US78023,41784.0,2379.0,2727,2434,55,15,34,5,133
0,92117,20790,18564,16159,352,90,1408,69,40,446,2226,1181,17,32,10,2,817,167,8600000US92117,35093.0,1715.0,20790,17340,369,122,1418,71,857
1,48214,13077,12999,1223,11557,28,34,0,22,135,78,19,35,3,0,0,12,9,8600000US48214,20469.0,1256.0,13077,1242,11592,31,34,0,34
2,33948,6099,5908,5434,348,15,44,2,5,60,191,138,13,0,0,0,32,8,8600000US33948,26542.0,1614.0,6099,5572,361,15,44,2,37
3,23324,8466,8367,3727,4444,35,57,1,3,100,99,38,24,2,3,0,20,12,8600000US23324,20112.0,1544.0,8466,3765,4468,37,60,1,23
4,74127,7211,6977,4489,1702,423,15,2,4,342,234,92,9,4,1,0,107,21,8600000US74127,20417.0,820.0,7211,4581,1711,427,16,2,111
5,79922,2798,1507,1440,13,8,21,1,0,24,1291,1012,1,5,1,0,226,46,8600000US79922,37535.0,5129.0,2798,2452,14,13,22,1,226
6,34202,5476,5330,5161,80,3,61,1,3,21,146,109,3,1,0,0,28,5,8600000US34202,49201.0,3656.0,5476,5270,83,4,61,1,31
7,24228,3133,3129,3102,1,7,3,0,1,15,4,4,0,0,0,0,0,0,8600000US24228,20208.0,3248.0,3133,3106,1,7,3,0,1
8,11949,4216,4102,4009,43,6,21,2,4,17,114,86,3,0,1,0,19,5,8600000US11949,40446.0,3288.0,4216,4095,46,6,22,2,23
9,66205,6263,6064,5838,100,20,71,1,4,30,199,130,2,1,0,0,58,8,8600000US66205,50235.0,5431.0,6263,5968,102,21,71,1,62
10,40444,4807,4764,4553,183,10,1,0,1,16,43,26,1,1,0,0,12,3,8600000US40444,25978.0,2112.0,4807,4579,184,11,1,0,13
11,70518,3927,3880,3245,484,15,112,0,4,20,47,34,2,1,0,0,6,4,8600000US70518,36845.0,3731.0,3927,3279,486,16,112,0,10
12,2019,5557,5512,5388,48,5,31,1,2,37,45,27,1,1,0,1,11,4,8600000US02019,45200.0,4149.0,5557,5415,49,6,31,2,13
13,77049,5120,3657,1926,1516,13,141,2,3,56,1463,646,13,9,2,0,709,84,8600000US77049,22103.0,1438.0,5120,2572,1529,22,143,2,712
14,95370,10621,10139,9762,29,85,58,13,9,183,482,321,0,17,3,1,99,41,8600000US95370,34308.0,3021.0,10621,10083,29,102,61,14,108
15,94605,15316,13696,3042,9581,30,621,50,22,350,1620,541,81,23,2,3,827,143,8600000US94605,33341.0,2625.0,15316,3583,9662,53,623,53,849
16,19008,7372,7341,6927,49,5,324,0,4,32,31,27,0,0,1,0,2,1,8600000US19008,41223.0,2495.0,7372,6954,49,5,325,0,6
17,48603,16766,16223,14832,853,36,366,1,6,129,543,321,3,4,2,0,184,29,8600000US48603,35399.0,2763.0,16766,15153,856,40,368,1,190
18,99603,3296,3247,3053,7,90,17,0,6,74,49,26,0,1,2,0,15,5,8600000US99603,32333.0,1441.0,3296,3079,7,91,19,0,21
19,25541,3296,3286,3266,3,3,2,0,1,11,10,8,0,0,0,0,1,1,8600000US25541,26653.0,3046.0,3296,3274,3,3,2,0,2
20,18431,5309,5271,5207,18,4,17,0,0,25,38,33,1,0,0,0,3,1,8600000US18431,25936.0,1549.0,5309,5240,19,4,17,0,3
21,30238,10443,10134,4516,5269,32,174,7,12,124,309,140,32,3,1,0,107,26,8600000US30238,18922.0,1340.0,10443,4656,5301,35,175,7,119
22,99515,7477,7197,6126,190,316,295,23,8,239,280,131,2,8,4,1,95,39,8600000US99515,42445.0,4572.0,7477,6257,192,324,299,24,103
23,27576,6279,5851,4418,1371,18,8,0,6,30,428,147,9,5,0,1,247,19,8600000US27576,19481.0,1649.0,6279,4565,1380,23,8,1,253
24,7930,2651,2597,2525,18,1,42,1,0,10,54,39,3,0,1,0,8,3,8600000US07930,70790.0,7815.0,2651,2564,21,1,43,1,8
25,25302,7783,7755,6761,868,16,31,0,5,74,28,23,2,0,0,0,2,1,8600000US25302,26585.0,1699.0,7783,6784,870,16,31,0,7
26,37347,3031,3011,2839,138,9,5,0,0,20,20,10,0,0,0,0,6,4,8600000US37347,24851.0,2659.0,3031,2849,138,9,5,0,6
27,53404,5788,4873,3248,1521,21,14,0,1,68,915,271,13,7,1,1,577,45,8600000US53404,17392.0,1397.0,5788,3519,1534,28,15,1,578
28,33010,14613,830,557,225,3,25,1,1,18,13783,12331,292,14,9,2,575,560,8600000US33010,14086.0,616.0,14613,12888,517,17,34,3,576
29,2830,2578,2572,2545,3,4,2,0,6,12,6,5,0,0,0,0,1,0,8600000US02830,35617.0,4178.0,2578,2550,3,4,2,0,7
30,7104,16445,6879,2186,3989,22,302,9,82,289,9566,4355,337,51,19,4,4189,611,8600000US07104,19430.0,888.0,16445,6541,4326,73,321,13,4271
31,45056,7960,7889,7309,312,20,162,1,9,76,71,50,1,1,2,0,13,4,8600000US45056,20618.0,1595.0,7960,7359,313,21,164,1,22
32,80107,3555,3448,3369,14,20,15,5,2,23,107,60,0,1,0,1,37,8,8600000US80107,40792.0,2958.0,3555,3429,14,21,15,6,39
33,78582,8884,295,228,0,10,47,1,1,8,8589,7489,13,16,0,0,929,142,8600000US78582,14325.0,1205.0,8884,7717,13,26,47,1,930
34,37215,9860,9784,9475,122,16,118,2,4,47,76,47,5,0,1,0,20,3,8600000US37215,82439.0,5490.0,9860,9522,127,16,119,2,24
35,76301,8088,6896,4917,1724,67,60,2,4,122,1192,492,19,16,2,0,594,69,8600000US76301,16329.0,1297.0,8088,5409,1743,83,62,2,598
36,88220,12618,8987,8493,240,86,57,3,9,99,3631,1863,14,56,5,4,1567,122,8600000US88220,28546.0,1360.0,12618,10356,254,142,62,7,1576
37,26070,3834,3825,3763,36,3,0,0,1,22,9,5,0,0,0,1,3,0,8600000US26070,26527.0,2781.0,3834,3768,36,3,0,1,4
38,32459,2785,2730,2619,9,23,10,1,6,62,55,35,0,5,1,1,12,1,8600000US32459,42256.0,4127.0,2785,2654,9,28,11,2,18
39,98136,6793,6612,6078,149,45,191,18,17,114,181,90,5,5,1,0,64,16,8600000US98136,55515.0,3858.0,6793,6168,154,50,192,18,81
40,95673,4632,4264,3859,87,62,84,15,6,151,368,159,2,8,2,1,167,29,8600000US95673,22203.0,1510.0,4632,4018,89,70,86,16,173
41,35128,2851,2831,2513,294,8,5,1,0,10,20,12,2,0,0,0,6,0,8600000US35128,29325.0,3088.0,2851,2525,296,8,5,1,6
42,46962,3512,3475,3416,12,14,13,1,0,19,37,20,0,3,0,0,12,2,8600000US46962,22227.0,1710.0,3512,3436,12,17,13,1,12
43,77550,12329,9857,5013,4172,37,429,10,16,180,2472,1334,18,16,2,2,972,128,8600000US77550,25136.0,1364.0,12329,6347,4190,53,431,12,988
44,98199,9077,8859,8102,127,42,394,18,14,162,218,125,0,7,3,2,58,23,8600000US98199,64294.0,4199.0,9077,8227,127,49,397,20,72
45,29624,6335,6286,3603,2627,17,7,1,4,27,49,22,4,0,1,0,22,0,8600000US29624,15359.0,1585.0,6335,3625,2631,17,8,1,26
46,94019,6123,5464,5075,26,18,185,3,11,146,659,333,2,12,2,0,268,42,8600000US94019,63244.0,5058.0,6123,5408,28,30,187,3,279
47,84093,7226,7076,6839,20,17,145,13,5,37,150,106,3,3,0,2,30,6,8600000US84093,41406.0,2393.0,7226,6945,23,20,145,15,35
48,49401,3354,3276,3187,37,11,20,2,0,19,78,41,0,0,0,1,35,1,8600000US49401,16742.0,1300.0,3354,3228,37,11,20,3,35
49,12566,3501,3419,3331,37,8,16,0,3,24,82,62,1,2,1,0,14,2,8600000US12566,33161.0,3109.0,3501,3393,38,10,17,0,17
50,95123,20439,17416,13244,786,79,2638,64,39,566,3023,1443,25,52,34,4,1258,207,8600000US95123,41366.0,1261.0,20439,14687,811,131,2672,68,1297
51,90212,5709,5517,4886,126,5,337,0,20,143,192,120,1,1,2,0,50,18,8600000US90212,73331.0,9300.0,5709,5006,127,6,339,0,70
52,30161,13053,12657,9697,2800,27,47,3,3,80,396,191,7,3,1,0,175,19,8600000US30161,23491.0,1499.0,13053,9888,2807,30,48,3,178
53,30076,15743,14267,12085,1404,26,525,6,29,192,1476,823,24,10,4,0,540,75,8600000US30076,38156.0,2130.0,15743,12908,1428,36,529,6,569
54,19125,8524,7829,7143,197,18,329,4,5,133,695,223,21,9,2,1,398,41,8600000US19125,31484.0,1914.0,8524,7366,218,27,331,5,403
55,18037,2794,2762,2720,18,4,7,0,1,12,32,24,0,0,0,0,5,3,8600000US18037,30169.0,1755.0,2794,2744,18,4,7,0,6
56,97219,15269,14855,13808,219,69,426,31,24,278,414,225,5,5,4,1,139,35,8600000US97219,48734.0,2381.0,15269,14033,224,74,430,32,163
57,6519,5306,3199,867,2114,18,23,1,26,150,2107,645,89,10,0,2,1240,121,8600000US06519,16885.0,2101.0,5306,1512,2203,28,23,3,1266
58,53154,11178,10828,10301,202,52,195,0,5,73,350,192,2,2,1,0,142,11,8600000US53154,36246.0,3003.0,11178,10493,204,54,196,0,147
59,75785,3341,3229,2799,377,11,16,0,1,25,112,51,0,2,1,0,48,10,8600000US75785,17320.0,1929.0,3341,2850,377,13,17,0,49
60,37406,5686,5647,1123,4466,11,4,1,1,41,39,7,15,0,1,0,12,4,8600000US37406,16226.0,1335.0,5686,1130,4481,11,5,1,13
61,67211,9149,8360,7214,654,130,203,1,5,153,789,266,6,12,5,1,436,63,8600000US67211,16566.0,1016.0,9149,7480,660,142,208,2,441
62,37708,2573,2557,2529,7,5,1,1,1,13,16,12,0,0,0,0,3,1,8600000US37708,21380.0,1906.0,2573,2541,7,5,1,1,4
63,7871,6623,6503,6363,20,9,69,1,3,38,120,94,0,0,0,0,16,10,8600000US07871,56293.0,4028.0,6623,6457,20,9,69,1,19
64,92225,5547,3523,2922,409,56,56,6,6,68,2024,612,8,25,6,2,1291,80,8600000US92225,16024.0,971.0,5547,3534,417,81,62,8,1297
65,76446,2956,2446,2404,2,10,1,0,5,24,510,222,1,6,0,0,252,29,8600000US76446,20778.0,2815.0,2956,2626,3,16,1,0,257
66,17319,3629,3600,3543,21,3,14,0,0,19,29,20,0,0,2,0,6,1,8600000US17319,29234.0,1639.0,3629,3563,21,3,16,0,6
67,21136,11082,10838,9090,1320,14,283,3,11,117,244,148,13,1,2,1,54,25,8600000US21136,43043.0,2031.0,11082,9238,1333,15,285,4,65
68,32405,10620,10402,9186,896,62,131,5,4,118,218,150,4,4,0,0,48,12,8600000US32405,25922.0,1464.0,10620,9336,900,66,131,5,52
69,60545,2577,2250,2217,4,8,8,0,0,13,327,129,1,1,0,0,184,12,8600000US60545,26144.0,2599.0,2577,2346,5,9,8,0,184
70,29702,3832,3801,3403,357,9,3,0,0,29,31,10,0,0,0,0,21,0,8600000US29702,18078.0,1956.0,3832,3413,357,9,3,0,21
71,98239,2513,2454,2337,17,13,32,0,6,49,59,32,0,2,0,1,21,3,8600000US98239,37714.0,2911.0,2513,2369,17,15,32,1,27
72,30337,6353,6102,968,5039,8,29,0,8,50,251,93,32,2,1,1,110,12,8600000US30337,20322.0,2115.0,6353,1061,5071,10,30,1,118
73,2038,10152,10076,9786,94,11,138,2,4,41,76,59,1,0,0,0,9,7,8600000US02038,48712.0,2435.0,10152,9845,95,11,138,2,13
74,22306,10821,9526,5491,3053,30,706,11,18,217,1295,541,41,16,4,1,584,108,8600000US22306,33671.0,2045.0,10821,6032,3094,46,710,12,602
75,97302,15098,14549,13823,77,124,224,45,19,237,549,226,6,15,2,1,263,36,8600000US97302,32772.0,1511.0,15098,14049,83,139,226,46,282
76,52317,2673,2640,2573,28,4,18,1,1,15,33,16,1,0,0,0,12,4,8600000US52317,37309.0,2644.0,2673,2589,29,4,18,1,13
77,55912,11638,11254,11004,46,12,153,0,1,38,384,154,3,2,0,1,206,18,8600000US55912,28060.0,1334.0,11638,11158,49,14,153,1,207
78,53012,6637,6598,6524,15,8,33,2,1,15,39,29,0,1,0,0,7,2,8600000US53012,46514.0,3401.0,6637,6553,15,9,33,2,8
79,60053,7897,7655,6271,30,2,1269,1,4,78,242,171,1,6,3,0,50,11,8600000US60053,34443.0,2182.0,7897,6442,31,8,1272,1,54
80,1453,16529,15101,14075,494,20,269,4,35,204,1428,738,83,5,4,3,517,78,8600000US01453,30775.0,1760.0,16529,14813,577,25,273,7,552
81,7110,10884,10320,9453,191,4,585,2,12,73,564,387,6,2,3,0,137,29,8600000US07110,42854.0,1830.0,10884,9840,197,6,588,2,149
82,85210,13591,10042,8814,536,233,251,30,8,170,3549,1292,22,38,8,2,1981,206,8600000US85210,19586.0,980.0,13591,10106,558,271,259,32,1989
83,75209,6589,5592,4085,1375,13,69,2,5,43,997,632,8,5,5,1,311,35,8600000US75209,76092.0,5820.0,6589,4717,1383,18,74,3,316
84,29456,6129,5992,4705,1073,45,93,3,3,70,137,79,5,1,2,0,43,7,8600000US29456,23502.0,1306.0,6129,4784,1078,46,95,3,46
85,60188,14813,13791,11705,667,10,1255,0,14,140,1022,560,6,6,7,0,390,53,8600000US60188,33105.0,1052.0,14813,12265,673,16,1262,0,404
86,33019,9793,8685,8424,89,12,69,5,11,75,1108,1005,11,2,1,0,53,36,8600000US33019,51574.0,4696.0,9793,9429,100,14,70,5,64
87,1510,5597,5142,4914,91,5,53,1,20,58,455,184,36,3,1,0,199,32,8600000US01510,33410.0,2325.0,5597,5098,127,8,54,1,219
88,63031,19000,18805,16579,1943,27,107,3,9,137,195,129,4,3,2,0,43,14,8600000US63031,26785.0,899.0,19000,16708,1947,30,109,3,52
89,79706,5316,4059,3968,25,24,6,1,1,34,1257,769,4,6,1,1,424,52,8600000US79706,29206.0,2499.0,5316,4737,29,30,7,2,425
90,33759,8471,8018,7176,563,19,177,7,5,71,453,281,21,5,2,0,116,28,8600000US33759,30095.0,2003.0,8471,7457,584,24,179,7,121
91,21801,9698,9494,5825,3459,24,115,0,5,66,204,107,13,2,1,1,64,16,8600000US21801,30238.0,2781.0,9698,5932,3472,26,116,1,69
92,53208,12905,12360,5415,6059,107,537,8,14,220,545,253,45,8,4,0,183,52,8600000US53208,20378.0,1304.0,12905,5668,6104,115,541,8,197
93,53575,4779,4753,4693,17,3,23,0,2,15,26,21,0,0,0,0,3,2,8600000US53575,40711.0,2497.0,4779,4714,17,3,23,0,5
94,29655,2956,2946,2569,357,6,0,0,0,14,10,4,4,0,0,0,2,0,8600000US29655,20911.0,2167.0,2956,2573,361,6,0,0,2
95,98550,4607,4491,4237,14,122,35,3,1,79,116,57,2,2,3,0,41,11,8600000US98550,25399.0,2372.0,4607,4294,16,124,38,3,42
96,98022,7966,7784,7501,13,93,48,8,8,113,182,91,1,4,1,0,65,20,8600000US98022,33922.0,1748.0,7966,7592,14,97,49,8,73
97,77003,2518,745,128,564,3,34,0,4,12,1773,763,8,10,0,0,909,83,8600000US77003,37760.0,3356.0,2518,891,572,13,34,0,913
98,77096,14178,12687,9114,2678,11,702,0,34,148,1491,745,34,13,2,0,637,60,8600000US77096,41286.0,2223.0,14178,9859,2712,24,704,0,671
99,38063,6417,6359,4448,1853,24,11,0,3,20,58,17,12,0,1,0,22,6,8600000US38063,18334.0,1193.0,6417,4465,1865,24,12,0,25
100,37407,3235,3188,2275,844,23,10,1,1,34,47,22,2,0,0,1,19,3,8600000US37407,10961.0,1390.0,3235,2297,846,23,10,2,20
101,7070,7055,6579,5694,162,2,637,2,6,76,476,372,2,0,0,0,83,19,8600000US07070,45956.0,3320.0,7055,6066,164,2,637,2,89
102,37130,16955,16523,13648,2432,55,227,4,14,143,432,169,11,1,1,1,224,25,8600000US37130,25920.0,1294.0,16955,13817,2443,56,228,5,238
103,4106,10127,10045,9759,50,28,125,4,3,76,82,50,4,2,1,0,17,8,8600000US04106,33622.0,1983.0,10127,9809,54,30,126,4,20
104,8110,5131,4207,2359,1490,33,226,2,8,89,924,311,41,5,3,0,520,44,8600000US08110,24171.0,1719.0,5131,2670,1531,38,229,2,528
105,13367,3191,3180,3130,12,10,15,2,0,11,11,6,0,0,0,0,5,0,8600000US13367,27322.0,2172.0,3191,3136,12,10,15,2,5
106,54880,12907,12838,12392,47,240,54,1,1,103,69,38,1,3,0,0,18,9,8600000US54880,26378.0,969.0,12907,12430,48,243,54,1,19
107,91701,12609,10463,8667,758,41,690,17,23,267,2146,1090,8,34,11,4,863,136,8600000US91701,34745.0,1498.0,12609,9757,766,75,701,21,886
108,45214,4813,4745,1526,3104,12,31,5,10,57,68,18,15,3,2,0,25,5,8600000US45214,13264.0,1227.0,4813,1544,3119,15,33,5,35
109,77627,8537,8163,7926,57,31,90,2,2,55,374,239,1,4,0,0,113,17,8600000US77627,36934.0,3945.0,8537,8165,58,35,90,2,115
110,7462,2565,2487,2429,22,2,20,1,1,12,78,54,1,0,0,0,19,4,8600000US07462,38957.0,3083.0,2565,2483,23,2,20,1,20
111,37303,9669,9523,8849,512,21,81,1,2,57,146,63,7,1,0,2,67,6,8600000US37303,22915.0,2437.0,9669,8912,519,22,81,3,69
112,74033,3095,3035,2475,56,341,23,1,1,138,60,35,0,0,0,0,21,4,8600000US74033,25734.0,1521.0,3095,2510,56,341,23,1,22
113,11953,4609,4345,3734,437,4,88,2,11,69,264,159,16,1,0,0,72,16,8600000US11953,34315.0,1800.0,4609,3893,453,5,88,2,83
114,31522,6756,6682,6394,210,8,43,2,1,24,74,59,2,2,0,0,7,4,8600000US31522,52632.0,4604.0,6756,6453,212,10,43,2,8
115,93702,11822,4819,2468,600,110,1352,6,12,271,7003,2000,29,150,23,3,4424,374,8600000US93702,10464.0,483.0,11822,4468,629,260,1375,9,4436
116,99577,7254,7070,6526,134,163,82,11,16,138,184,107,2,5,3,0,56,11,8600000US99577,39251.0,2182.0,7254,6633,136,168,85,11,72
117,33957,3068,3040,3004,14,1,6,2,1,12,28,24,0,0,0,0,1,3,8600000US33957,81296.0,8973.0,3068,3028,14,1,6,2,2
118,41017,14901,14799,14458,128,13,136,3,4,57,102,67,0,1,0,0,28,6,8600000US41017,39589.0,1874.0,14901,14525,128,14,136,3,32
119,28208,13083,12620,3048,9119,65,250,1,11,126,463,177,30,3,5,0,203,45,8600000US28208,17381.0,872.0,13083,3225,9149,68,255,1,214
120,94583,16779,15850,13023,313,55,2082,41,32,304,929,598,2,9,12,0,253,55,8600000US94583,54591.0,2339.0,16779,13621,315,64,2094,41,285
121,28092,13266,12504,11492,892,27,31,2,4,56,762,477,9,2,0,0,217,57,8600000US28092,22380.0,1093.0,13266,11969,901,29,31,2,221
122,35204,6014,5942,116,5793,5,3,0,1,24,72,26,20,1,0,0,21,4,8600000US35204,15479.0,1301.0,6014,142,5813,6,3,0,22
123,1057,3050,3033,2990,13,7,3,1,3,16,17,11,1,0,0,0,2,3,8600000US01057,35989.0,2011.0,3050,3001,14,7,3,1,5
124,41075,7067,7034,6897,44,8,42,0,7,36,33,24,0,0,0,0,6,3,8600000US41075,40357.0,2631.0,7067,6921,44,8,42,0,13
125,26037,2999,2992,2965,6,6,1,0,0,14,7,7,0,0,0,0,0,0,8600000US26037,27543.0,2184.0,2999,2972,6,6,1,0,0
126,77539,9846,8296,6959,1013,50,155,1,19,99,1550,688,11,14,3,1,755,78,8600000US77539,30591.0,1407.0,9846,7647,1024,64,158,2,774
127,68434,2918,2898,2870,8,4,8,1,0,7,20,12,0,1,0,0,7,0,8600000US68434,28154.0,1517.0,2918,2882,8,5,8,1,7
128,80211,13844,7235,6641,190,117,114,8,24,141,6609,2795,25,168,14,7,3253,347,8600000US80211,48777.0,3362.0,13844,9436,215,285,128,15,3277
129,43311,7459,7410,7021,265,8,45,2,1,68,49,22,1,2,0,0,19,5,8600000US43311,25666.0,1631.0,7459,7043,266,10,45,2,20
130,32720,10313,9945,8520,1234,34,53,1,5,98,368,220,10,1,2,0,114,21,8600000US32720,22228.0,1484.0,10313,8740,1244,35,55,1,119
131,1119,4694,4287,3304,842,11,45,0,7,78,407,116,24,4,1,0,236,26,8600000US01119,22681.0,2070.0,4694,3420,866,15,46,0,243
132,13365,3732,3718,3670,8,6,18,0,0,16,14,10,1,0,0,0,2,1,8600000US13365,24841.0,2493.0,3732,3680,9,6,18,0,2
133,33912,13376,12882,12557,114,21,106,0,5,79,494,346,10,1,1,0,115,21,8600000US33912,45586.0,3101.0,13376,12903,124,22,107,0,120
134,33063,22715,20316,18016,1419,22,415,7,67,370,2399,1832,45,7,3,0,338,174,8600000US33063,25706.0,1339.0,22715,19848,1464,29,418,7,405
135,17074,2776,2759,2735,3,4,2,0,2,13,17,11,1,1,0,0,4,0,8600000US17074,27782.0,1395.0,2776,2746,4,5,2,0,6
136,60154,6968,6725,6099,412,3,167,1,5,38,243,150,0,1,1,0,80,11,8600000US60154,37341.0,2663.0,6968,6249,412,4,168,1,85
137,33308,16001,15193,14827,97,13,133,7,16,100,808,697,6,3,1,0,65,36,8600000US33308,65669.0,5436.0,16001,15524,103,16,134,7,81
138,45102,7086,7040,6890,46,20,21,0,3,60,46,25,1,1,0,0,14,5,8600000US45102,28308.0,1985.0,7086,6915,47,21,21,0,17
139,32226,3013,2971,2892,40,14,9,0,0,16,42,38,0,0,0,0,1,3,8600000US32226,31576.0,2983.0,3013,2930,40,14,9,0,1
140,38478,7233,7173,6022,1050,14,38,0,0,49,60,39,5,1,0,0,12,3,8600000US38478,23134.0,1861.0,7233,6061,1055,15,38,0,12
141,26836,2515,2499,2397,80,4,3,0,0,15,16,9,4,0,0,0,2,1,8600000US26836,21115.0,3619.0,2515,2406,84,4,3,0,2
142,1564,2573,2559,2528,12,3,9,0,2,5,14,9,1,1,0,0,2,1,8600000US01564,43640.0,5155.0,2573,2537,13,4,9,0,4
143,15044,8192,8159,8056,30,4,56,0,2,11,33,27,1,1,0,0,3,1,8600000US15044,46824.0,3100.0,8192,8083,31,5,56,0,5
144,98841,3332,3153,2458,4,578,17,1,4,91,179,27,0,12,0,1,125,14,8600000US98841,24594.0,2729.0,3332,2485,4,590,17,2,129
145,92507,16579,11509,6903,2132,72,1815,40,63,484,5070,1583,49,69,13,4,3069,283,8600000US92507,18793.0,972.0,16579,8486,2181,141,1828,44,3132
146,94619,8941,8003,3400,2858,45,1419,27,14,240,938,359,25,15,9,1,444,85,8600000US94619,42503.0,2886.0,8941,3759,2883,60,1428,28,458
147,62232,2758,2694,2540,112,10,12,0,0,20,64,38,1,1,0,0,19,5,8600000US62232,33429.0,7970.0,2758,2578,113,11,12,0,19
148,65203,18673,18390,15655,1809,64,602,7,16,237,283,169,12,3,1,0,73,25,8600000US65203,37335.0,1737.0,18673,15824,1821,67,603,7,89
149,60068,14181,13917,13548,19,3,292,6,6,43,264,179,2,1,1,1,70,10,8600000US60068,51808.0,1988.0,14181,13727,21,4,293,7,76
150,98374,10189,9896,9137,190,88,251,31,18,181,293,155,4,2,6,0,102,24,8600000US98374,33386.0,1714.0,10189,9292,194,90,257,31,120
151,80919,10422,10027,9300,178,30,384,6,10,119,395,256,3,7,1,2,99,27,8600000US80919,44662.0,1987.0,10422,9556,181,37,385,8,109
152,47909,11543,11012,10546,281,21,92,3,1,68,531,239,2,6,0,0,256,28,8600000US47909,27980.0,1425.0,11543,10785,283,27,92,3,257
153,30504,5179,4207,3783,268,13,113,0,0,30,972,427,5,8,4,22,459,47,8600000US30504,20703.0,1635.0,5179,4210,273,21,117,22,459
154,35805,9481,9221,5714,3092,68,172,11,3,161,260,121,22,4,3,0,89,21,8600000US35805,15165.0,1489.0,9481,5835,3114,72,175,11,92
155,18704,14284,14215,14003,78,14,65,1,5,49,69,47,3,0,0,0,15,4,8600000US18704,28259.0,1413.0,14284,14050,81,14,65,1,20
156,60467,6856,6720,6497,44,0,140,1,5,33,136,115,0,0,1,0,14,6,8600000US60467,45380.0,2700.0,6856,6612,44,0,141,1,19
157,74137,8458,8280,7523,248,166,158,3,10,172,178,112,4,3,1,0,49,9,8600000US74137,53614.0,2782.0,8458,7635,252,169,159,3,59
158,6351,4427,4377,4215,45,27,34,0,3,53,50,30,0,1,0,0,15,4,8600000US06351,33284.0,2972.0,4427,4245,45,28,34,0,18
159,48074,3117,3093,3020,33,9,3,1,1,26,24,16,0,2,0,0,6,0,8600000US48074,26586.0,2567.0,3117,3036,33,11,3,1,7
160,33990,8679,7953,7574,191,22,88,5,3,70,726,481,21,1,0,0,184,39,8600000US33990,23592.0,1763.0,8679,8055,212,23,88,5,187
161,30309,11495,11157,9033,1600,17,341,1,25,140,338,214,19,0,2,0,73,30,8600000US30309,73481.0,5156.0,11495,9247,1619,17,343,1,98
162,29568,2978,2896,1657,1203,13,6,0,1,16,82,35,2,1,0,0,40,4,8600000US29568,23508.0,2065.0,2978,1692,1205,14,6,0,41
163,47546,7495,7377,7328,11,4,13,2,0,19,118,52,1,0,1,0,55,9,8600000US47546,31423.0,2864.0,7495,7380,12,4,14,2,55
164,47119,3419,3399,3369,6,6,9,0,0,9,20,16,0,0,0,0,4,0,8600000US47119,44732.0,4225.0,3419,3385,6,6,9,0,4
165,8879,8156,7730,6966,307,10,321,3,12,111,426,246,15,1,1,0,128,35,8600000US08879,36166.0,2328.0,8156,7212,322,11,322,3,140
166,99801,10617,10373,8507,90,978,368,26,15,389,244,135,1,13,1,1,71,22,8600000US99801,41968.0,2624.0,10617,8642,91,991,369,27,86
167,30306,11452,11164,10141,638,19,206,4,14,142,288,206,14,1,3,0,51,13,8600000US30306,75003.0,5123.0,11452,10347,652,20,209,4,65
168,64123,3881,3015,2530,224,28,141,3,8,81,866,372,5,10,3,3,432,41,8600000US64123,16819.0,1827.0,3881,2902,229,38,144,6,440
169,44311,3465,3407,1852,1294,17,158,1,5,80,58,30,8,1,1,0,12,6,8600000US44311,12968.0,2824.0,3465,1882,1302,18,159,1,17
170,77316,3286,3127,2986,85,19,8,1,1,27,159,80,0,1,2,0,64,12,8600000US77316,40673.0,3426.0,3286,3066,85,20,10,1,65
171,8070,5223,5164,5029,58,13,36,1,2,25,59,35,2,1,0,0,18,3,8600000US08070,34673.0,7225.0,5223,5064,60,14,36,1,20
172,29379,8123,8083,5701,2319,17,15,1,0,30,40,23,10,0,0,0,6,1,8600000US29379,21388.0,1697.0,8123,5724,2329,17,15,1,6
173,60042,3082,2932,2860,18,4,33,0,1,16,150,86,0,0,0,0,55,9,8600000US60042,32483.0,1920.0,3082,2946,18,4,33,0,56
174,35062,2900,2894,2741,87,13,3,1,0,49,6,5,0,0,0,0,1,0,8600000US35062,26241.0,4001.0,2900,2746,87,13,3,1,1
175,84105,9582,9134,8660,67,62,189,32,7,117,448,225,5,6,2,1,176,33,8600000US84105,43239.0,2210.0,9582,8885,72,68,191,33,183
176,33145,10291,1421,1260,46,4,83,1,2,25,8870,8200,102,3,3,0,305,257,8600000US33145,26354.0,1888.0,10291,9460,148,7,86,1,307
177,78578,3364,1531,1490,6,8,8,1,0,18,1833,1333,15,6,2,0,411,66,8600000US78578,20726.0,2737.0,3364,2823,21,14,10,1,411
178,33405,7833,4849,4494,241,10,45,3,6,50,2984,2306,56,12,7,6,422,175,8600000US33405,29970.0,3465.0,7833,6800,297,22,52,9,428
179,45226,3249,3223,3042,118,2,32,0,1,28,26,17,2,0,0,0,6,1,8600000US45226,60985.0,8857.0,3249,3059,120,2,32,0,7
180,86351,2774,2663,2610,8,8,15,1,3,18,111,82,0,1,1,0,22,5,8600000US86351,45009.0,7071.0,2774,2692,8,9,16,1,25
181,92082,4727,4023,3641,10,248,45,4,8,67,704,319,3,40,0,1,298,43,8600000US92082,32038.0,2768.0,4727,3960,13,288,45,5,306
182,28209,10089,9528,8440,804,31,174,2,11,66,561,226,12,3,2,2,282,34,8600000US28209,54967.0,4337.0,10089,8666,816,34,176,4,293
183,84404,15704,14430,13879,181,86,131,11,5,137,1274,500,7,26,13,2,652,74,8600000US84404,22375.0,698.0,15704,14379,188,112,144,13,657
184,53913,7259,7185,7046,27,58,21,1,1,31,74,45,0,4,0,0,19,6,8600000US53913,27332.0,1714.0,7259,7091,27,62,21,1,20
185,22152,10201,9602,7759,589,16,1047,5,6,180,599,390,6,5,3,0,153,42,8600000US22152,48907.0,2133.0,10201,8149,595,21,1050,5,159
186,18708,3373,3360,3328,7,1,15,0,1,8,13,6,2,2,1,0,2,0,8600000US18708,38735.0,3739.0,3373,3334,9,3,16,0,3
187,97070,6449,6177,5905,32,33,106,9,4,88,272,128,0,1,1,0,120,22,8600000US97070,39424.0,3284.0,6449,6033,32,34,107,9,124
188,43605,11946,10857,9682,901,43,38,2,8,183,1089,518,15,17,0,0,445,94,8600000US43605,14165.0,694.0,11946,10200,916,60,38,2,453
189,21629,2984,2958,2532,401,3,5,0,0,17,26,16,1,2,0,0,1,6,8600000US21629,28271.0,1630.0,2984,2548,402,5,5,0,1
190,95134,4072,3666,2143,200,13,1187,11,8,104,406,181,5,9,4,0,178,29,8600000US95134,63146.0,3096.0,4072,2324,205,22,1191,11,186
191,56267,2501,2485,2396,29,19,20,0,0,21,16,6,0,1,0,0,7,2,8600000US56267,30418.0,2813.0,2501,2402,29,20,20,0,7
192,17403,16620,15464,12870,2275,26,144,2,5,142,1156,420,71,8,3,1,588,65,8600000US17403,30614.0,2552.0,16620,13290,2346,34,147,3,593
193,80701,5397,4168,4068,7,27,11,3,3,49,1229,486,1,15,0,4,663,60,8600000US80701,23973.0,1542.0,5397,4554,8,42,11,7,666
194,53533,2570,2563,2532,5,1,9,1,0,15,7,4,0,0,0,0,3,0,8600000US53533,33826.0,3406.0,2570,2536,5,1,9,1,3
195,57783,5276,5210,5077,12,67,18,2,0,34,66,39,1,3,0,0,14,9,8600000US57783,29293.0,2176.0,5276,5116,13,70,18,2,14
196,92123,9141,8174,6240,671,47,841,68,27,280,967,492,29,16,14,0,350,66,8600000US92123,35716.0,1710.0,9141,6732,700,63,855,68,377
197,15037,4589,4581,4480,72,3,7,1,0,18,8,7,0,0,0,0,1,0,8600000US15037,30234.0,1325.0,4589,4487,72,3,7,1,1
198,20852,15734,14756,11640,670,32,2095,2,28,289,978,699,13,9,6,1,194,56,8600000US20852,57388.0,2978.0,15734,12339,683,41,2101,3,222
199,13642,3561,3536,3462,24,13,9,2,0,26,25,11,1,0,0,0,11,2,8600000US13642,19266.0,1777.0,3561,3473,25,13,9,2,11
200,75240,21283,16048,12284,2262,62,1057,10,29,344,5235,3213,82,25,9,3,1671,232,8600000US75240,24966.0,1692.0,21283,15497,2344,87,1066,13,1700
201,15234,6408,6370,6234,62,3,48,1,2,20,38,29,0,1,0,0,8,0,8600000US15234,33778.0,2134.0,6408,6263,62,4,48,1,10
202,29406,14881,14396,9994,3933,56,234,3,17,159,485,181,21,10,2,4,227,40,8600000US29406,18786.0,1242.0,14881,10175,3954,66,236,7,244
203,56320,2768,2725,2709,2,2,1,0,1,10,43,26,2,1,0,0,13,1,8600000US56320,33415.0,2080.0,2768,2735,4,3,1,0,14
204,98103,21166,20505,18365,376,148,1061,36,50,469,661,359,14,11,9,1,186,81,8600000US98103,56013.0,1763.0,21166,18724,390,159,1070,37,236
205,27055,5131,4909,4742,137,9,5,0,1,15,222,115,5,2,0,0,90,10,8600000US27055,23012.0,1756.0,5131,4857,142,11,5,0,91
206,6710,3772,2659,1560,951,10,28,3,24,83,1113,427,56,3,0,1,581,45,8600000US06710,15760.0,1537.0,3772,1987,1007,13,28,4,605
207,14559,5839,5785,5679,48,9,16,2,2,29,54,38,0,2,1,0,9,4,8600000US14559,33248.0,2028.0,5839,5717,48,11,17,2,11
208,91361,7589,7310,6841,56,13,316,4,6,74,279,204,0,3,2,0,52,18,8600000US91361,73512.0,4874.0,7589,7045,56,16,318,4,58
209,11221,25375,17686,239,16569,59,183,6,108,522,7689,1828,839,80,10,15,4379,538,8600000US11221,24707.0,966.0,25375,2067,17408,139,193,21,4487
210,40203,9683,9582,3627,5742,25,22,1,18,147,101,33,30,1,2,0,21,14,8600000US40203,14275.0,1135.0,9683,3660,5772,26,24,1,39
211,62707,10233,10178,9779,222,12,121,1,6,37,55,39,2,0,0,1,11,2,8600000US62707,35555.0,2609.0,10233,9818,224,12,121,2,17
212,2420,5119,5071,4537,48,2,450,0,3,31,48,38,0,0,1,0,4,5,8600000US02420,74349.0,4309.0,5119,4575,48,2,451,0,7
213,4963,2740,2730,2700,1,4,6,0,0,19,10,7,0,1,0,0,0,2,8600000US04963,28402.0,3408.0,2740,2707,1,5,6,0,0
214,30307,7412,7276,5614,1411,12,102,2,31,104,136,81,11,0,2,0,25,17,8600000US30307,65226.0,4808.0,7412,5695,1422,12,104,2,56
215,30005,9425,9175,7830,530,15,669,0,15,116,250,182,4,0,1,0,53,10,8600000US30005,50979.0,2539.0,9425,8012,534,15,670,0,68
216,34947,3363,3104,1028,2000,3,19,0,6,48,259,114,16,1,0,1,98,29,8600000US34947,12997.0,1425.0,3363,1142,2016,4,19,1,104
217,84047,10793,9317,8754,85,92,202,44,8,132,1476,680,18,17,4,1,668,88,8600000US84047,26145.0,1424.0,10793,9434,103,109,206,45,676
218,78756,3953,3540,3267,130,19,54,3,10,57,413,213,0,9,1,0,158,32,8600000US78756,56590.0,4476.0,3953,3480,130,28,55,3,168
219,35811,8645,8580,6699,1706,72,24,2,4,73,65,43,4,1,0,0,13,4,8600000US35811,30519.0,1877.0,8645,6742,1710,73,24,2,17
220,90277,17049,15940,14093,280,51,1143,33,27,313,1109,718,4,15,9,1,268,94,8600000US90277,63222.0,3491.0,17049,14811,284,66,1152,34,295
221,63135,8139,8083,4926,3009,11,39,0,5,93,56,32,4,1,0,0,14,5,8600000US63135,21429.0,1338.0,8139,4958,3013,12,39,0,19
222,38011,2919,2903,2580,290,9,7,0,0,17,16,10,1,0,0,0,4,1,8600000US38011,25545.0,1732.0,2919,2590,291,9,7,0,4
223,33407,10652,9941,3861,5639,21,88,10,21,301,711,332,73,10,1,3,252,40,8600000US33407,20710.0,1481.0,10652,4193,5712,31,89,13,273
224,6525,3103,3068,2858,43,0,135,0,5,27,35,28,0,1,0,0,5,1,8600000US06525,54109.0,4229.0,3103,2886,43,1,135,0,10
225,14213,10076,7906,5777,1495,188,199,2,14,231,2170,657,97,18,2,3,1257,136,8600000US14213,16939.0,1231.0,10076,6434,1592,206,201,5,1271
226,75204,9770,7169,5493,1090,43,402,5,13,123,2601,1098,10,16,2,2,1283,190,8600000US75204,56056.0,3382.0,9770,6591,1100,59,404,7,1296
227,14615,7029,6658,5720,731,15,104,0,8,80,371,167,20,4,1,0,148,31,8600000US14615,22779.0,2323.0,7029,5887,751,19,105,0,156
228,89117,21419,19935,16613,1305,64,1393,71,33,456,1484,890,18,18,17,2,436,103,8600000US89117,37713.0,3408.0,21419,17503,1323,82,1410,73,469
229,43953,4654,4630,4392,177,5,27,0,3,26,24,19,0,0,0,0,1,4,8600000US43953,27297.0,2019.0,4654,4411,177,5,27,0,4
230,7108,8538,8065,42,7899,13,6,2,18,85,473,114,77,5,1,0,245,31,8600000US07108,15369.0,1065.0,8538,156,7976,18,7,2,263
231,77013,5335,2635,983,1530,8,55,3,6,50,2700,1325,18,14,2,1,1205,135,8600000US77013,14936.0,984.0,5335,2308,1548,22,57,4,1211
232,8109,8436,7989,6669,1019,18,199,1,12,71,447,159,18,4,0,0,244,22,8600000US08109,30557.0,1455.0,8436,6828,1037,22,199,1,256
233,76049,7381,7097,6960,15,44,15,3,0,60,284,171,1,5,0,0,95,12,8600000US76049,35825.0,2794.0,7381,7131,16,49,15,3,95
234,34293,14226,14092,13929,32,19,61,1,4,46,134,104,2,1,0,0,18,9,8600000US34293,35297.0,1661.0,14226,14033,34,20,61,1,22
235,11738,5045,4711,4547,44,4,76,0,5,35,334,253,5,0,2,0,51,23,8600000US11738,36637.0,2555.0,5045,4800,49,4,78,0,56
236,45150,11200,11126,10839,159,14,48,1,4,61,74,45,1,3,1,0,19,5,8600000US45150,32297.0,1577.0,11200,10884,160,17,49,1,23
237,55405,7168,6987,5613,777,38,391,5,12,151,181,87,5,3,4,0,66,16,8600000US55405,46433.0,3514.0,7168,5700,782,41,395,5,78
238,44820,7826,7795,7673,41,18,24,2,1,36,31,21,1,0,0,0,5,4,8600000US44820,24140.0,1910.0,7826,7694,42,18,24,2,6
239,46383,13702,13386,12991,134,24,125,1,10,101,316,200,2,5,0,0,77,32,8600000US46383,30712.0,1521.0,13702,13191,136,29,125,1,87
240,66609,2934,2782,2471,228,20,31,2,0,30,152,80,1,2,0,0,57,12,8600000US66609,29134.0,3131.0,2934,2551,229,22,31,2,57
241,32254,5343,5274,2718,2461,15,30,1,2,47,69,31,11,1,0,0,20,6,8600000US32254,14461.0,1349.0,5343,2749,2472,16,30,1,22
242,11354,19587,16562,7622,835,21,7559,4,52,469,3025,1731,73,13,22,5,924,257,8600000US11354,24252.0,1282.0,19587,9353,908,34,7581,9,976
243,6840,6824,6745,6516,73,1,125,0,2,28,79,65,0,0,0,0,13,1,8600000US06840,111515.0,7015.0,6824,6581,73,1,125,0,15
244,19809,6338,6240,5228,805,4,150,1,7,45,98,47,8,2,1,0,33,7,8600000US19809,33915.0,2705.0,6338,5275,813,6,151,1,40
245,33021,20349,17493,15731,1119,27,322,7,37,250,2856,2288,55,6,3,0,349,155,8600000US33021,30615.0,1426.0,20349,18019,1174,33,325,7,386
246,11791,8130,7983,7088,25,2,806,1,7,54,147,114,2,1,1,0,15,14,8600000US11791,73725.0,3968.0,8130,7202,27,3,807,1,22
247,85750,10843,10302,9680,153,40,317,7,6,99,541,327,3,4,1,2,165,39,8600000US85750,51236.0,2976.0,10843,10007,156,44,318,9,171
248,28711,5080,5047,4769,196,15,22,1,2,42,33,19,0,0,0,0,13,1,8600000US28711,25380.0,1898.0,5080,4788,196,15,22,1,15
249,33873,4486,3415,3027,309,18,8,0,2,51,1071,521,9,12,2,0,493,34,8600000US33873,21313.0,2628.0,4486,3548,318,30,10,0,495
0,58078,5813,5754,5650,16,45,10,2,3,28,59,26,1,1,0,0,26,5,8600000US58078,37562.0,2238.0,5813,5676,17,46,10,2,29
1,78602,6279,5572,4805,633,36,36,1,3,58,707,426,6,3,0,0,242,30,8600000US78602,24889.0,2143.0,6279,5231,639,39,36,1,245
2,29180,5521,5470,2509,2929,2,9,0,2,19,51,23,10,1,0,0,15,2,8600000US29180,23759.0,3234.0,5521,2532,2939,3,9,0,17
3,70062,6604,6171,3307,2706,28,57,1,6,66,433,266,12,2,1,1,121,30,8600000US70062,19565.0,1054.0,6604,3573,2718,30,58,2,127
4,62208,5939,5856,4824,896,9,71,0,2,54,83,47,0,0,1,0,29,6,8600000US62208,34226.0,2886.0,5939,4871,896,9,72,0,31
5,11238,21104,19154,3813,13814,47,714,17,112,637,1950,486,571,20,9,3,670,191,8600000US11238,49004.0,2183.0,21104,4299,14385,67,723,20,782
6,60645,16136,14350,10066,1638,27,1974,8,77,560,1786,907,36,12,10,1,721,99,8600000US60645,26150.0,1605.0,16136,10973,1674,39,1984,9,798
7,29902,9098,8847,6733,1935,21,70,10,3,75,251,113,22,3,1,0,95,17,8600000US29902,27415.0,2795.0,9098,6846,1957,24,71,10,98
8,78758,18024,13844,10136,1992,38,1338,8,33,299,4180,1736,29,37,8,3,2182,185,8600000US78758,27889.0,1472.0,18024,11872,2021,75,1346,11,2215
9,44136,16209,16075,15329,207,6,429,1,1,102,134,93,2,1,1,0,26,11,8600000US44136,42184.0,2878.0,16209,15422,209,7,430,1,27
10,72834,3594,3345,3194,80,13,11,0,0,47,249,50,0,2,0,1,186,10,8600000US72834,20386.0,2235.0,3594,3244,80,15,11,1,186
11,33556,5017,4738,4476,128,17,77,1,3,36,279,247,3,2,0,1,16,10,8600000US33556,46812.0,3853.0,5017,4723,131,19,77,2,19
12,15071,3873,3837,3626,87,5,100,0,1,18,36,28,2,0,2,0,3,1,8600000US15071,39214.0,2370.0,3873,3654,89,5,102,0,4
13,28104,6625,6538,6124,280,27,50,0,5,52,87,57,0,1,0,0,27,2,8600000US28104,45050.0,2599.0,6625,6181,280,28,50,0,32
14,46323,9265,8142,6793,1179,19,55,3,6,87,1123,642,11,7,2,2,404,55,8600000US46323,21186.0,1411.0,9265,7435,1190,26,57,5,410
15,60077,10081,9656,7634,231,4,1620,2,9,156,425,259,5,6,8,0,121,26,8600000US60077,28714.0,2397.0,10081,7893,236,10,1628,2,130
16,46619,7465,6642,4732,1803,16,18,0,2,71,823,240,5,11,0,1,527,39,8600000US46619,16613.0,1117.0,7465,4972,1808,27,18,1,529
17,92879,13481,9435,6870,1037,69,1031,33,24,371,4046,1640,31,53,15,5,2055,247,8600000US92879,25041.0,1117.0,13481,8510,1068,122,1046,38,2079
18,85254,18586,18004,17225,202,41,347,11,13,165,582,405,7,3,5,0,127,35,8600000US85254,48595.0,2568.0,18586,17630,209,44,352,11,140
19,34759,2562,1770,1356,321,6,23,3,11,50,792,508,39,8,1,1,183,52,8600000US34759,17552.0,1341.0,2562,1864,360,14,24,4,194
20,7901,8507,7972,7258,333,6,328,1,3,43,535,416,8,4,2,0,72,33,8600000US07901,81398.0,5610.0,8507,7674,341,10,330,1,75
21,6029,5192,5136,4993,49,12,55,1,3,23,56,35,3,0,2,0,14,2,8600000US06029,44475.0,4854.0,5192,5028,52,12,57,1,17
22,47012,3504,3493,3468,1,4,5,0,0,15,11,9,0,0,0,0,0,2,8600000US47012,25507.0,1776.0,3504,3477,1,4,5,0,0
23,6374,3154,3098,3020,21,11,16,0,1,29,56,41,0,0,0,0,14,1,8600000US06374,30557.0,2327.0,3154,3061,21,11,16,0,15
24,52732,11991,11870,11426,294,32,51,0,4,63,121,73,1,4,1,0,36,6,8600000US52732,26377.0,1384.0,11991,11499,295,36,52,0,40
25,11385,34852,24313,21441,378,25,1603,1,77,788,10539,3777,215,69,26,7,5747,698,8600000US11385,27568.0,749.0,34852,25218,593,94,1629,8,5824
26,93648,2824,307,192,0,13,85,0,0,17,2517,835,7,47,4,1,1521,102,8600000US93648,11297.0,1371.0,2824,1027,7,60,89,1,1521
27,24477,3254,3233,3115,89,6,4,2,1,16,21,13,0,0,0,0,8,0,8600000US24477,26828.0,2040.0,3254,3128,89,6,4,2,9
28,98502,10671,10359,9372,143,120,472,20,27,205,312,164,7,11,6,2,100,22,8600000US98502,35259.0,1916.0,10671,9536,150,131,478,22,127
29,32312,10328,10143,8840,1043,19,175,2,4,60,185,141,5,1,1,0,23,14,8600000US32312,47825.0,2655.0,10328,8981,1048,20,176,2,27
30,93536,15176,13307,11122,1229,105,510,28,27,286,1869,903,18,45,6,3,752,142,8600000US93536,26408.0,961.0,15176,12025,1247,150,516,31,779
31,45242,8525,8462,7778,271,6,356,0,4,47,63,45,1,1,2,0,11,3,8600000US45242,51608.0,3425.0,8525,7823,272,7,358,0,15
32,41179,3185,3170,3139,3,9,0,0,0,19,15,14,0,0,0,0,1,0,8600000US41179,19518.0,2722.0,3185,3153,3,9,0,0,1
33,3833,7470,7438,7300,23,13,50,1,4,47,32,23,1,0,0,0,8,0,8600000US03833,46910.0,2431.0,7470,7323,24,13,50,1,12
34,21220,14188,14022,12091,1660,66,92,3,8,102,166,85,10,1,3,0,55,12,8600000US21220,30731.0,1551.0,14188,12176,1670,67,95,3,63
35,60402,22225,16956,15972,193,30,420,1,26,314,5269,2434,30,43,10,2,2511,239,8600000US60402,23692.0,1053.0,22225,18406,223,73,430,3,2537
36,22601,10321,9949,8719,966,23,124,2,8,107,372,159,4,3,0,0,187,19,8600000US22601,28486.0,1332.0,10321,8878,970,26,124,2,195
37,12078,9814,9735,9489,109,17,47,2,4,67,79,48,4,1,0,0,19,7,8600000US12078,23367.0,1436.0,9814,9537,113,18,47,2,23
38,96816,17536,17122,3767,53,10,10632,784,10,1866,414,137,3,5,40,17,50,162,8600000US96816,41388.0,1850.0,17536,3904,56,15,10672,801,60
39,88001,13570,6312,5383,316,182,174,5,34,218,7258,3813,43,121,8,3,2941,329,8600000US88001,16501.0,1358.0,13570,9196,359,303,182,8,2975
40,35071,5435,5411,5293,56,8,20,1,0,33,24,16,0,0,1,0,6,1,8600000US35071,29951.0,2220.0,5435,5309,56,8,21,1,6
41,76230,3824,3738,3685,1,14,11,1,0,26,86,45,0,1,0,0,33,7,8600000US76230,27647.0,3290.0,3824,3730,1,15,11,1,33
42,95240,15685,12138,10874,64,106,624,12,36,422,3547,1381,14,59,19,1,1845,228,8600000US95240,21972.0,942.0,15685,12255,78,165,643,13,1881
43,50310,13435,13193,12050,686,35,235,3,18,166,242,92,6,4,1,0,122,17,8600000US50310,31317.0,1532.0,13435,12142,692,39,236,3,140
44,48117,3637,3598,3460,87,9,3,1,1,37,39,27,1,1,0,0,6,4,8600000US48117,29453.0,2043.0,3637,3487,88,10,3,1,7
45,72801,6555,6400,5843,342,49,67,0,3,96,155,66,5,2,0,0,75,7,8600000US72801,15271.0,957.0,6555,5909,347,51,67,0,78
46,37206,11005,10791,6003,4458,50,57,17,16,190,214,85,12,2,0,0,100,15,8600000US37206,31793.0,2194.0,11005,6088,4470,52,57,17,116
47,7740,12713,10969,8427,2037,16,189,5,59,236,1744,994,96,17,4,0,492,141,8600000US07740,32915.0,1797.0,12713,9421,2133,33,193,5,551
48,67206,5573,5463,4936,211,27,199,2,5,83,110,68,1,3,1,0,29,8,8600000US67206,54097.0,5002.0,5573,5004,212,30,200,2,34
49,64076,3302,3286,3203,37,11,5,1,0,29,16,12,0,0,0,0,4,0,8600000US64076,26016.0,3055.0,3302,3215,37,11,5,1,4
50,70094,11843,11426,7137,3798,81,306,2,9,93,417,242,19,9,2,0,101,44,8600000US70094,18508.0,1171.0,11843,7379,3817,90,308,2,110
51,60142,2977,2885,2805,8,3,49,0,2,18,92,55,0,2,0,0,31,4,8600000US60142,38370.0,2362.0,2977,2860,8,5,49,0,33
52,48377,5305,5225,4762,136,13,243,0,6,65,80,56,1,3,1,0,14,5,8600000US48377,41466.0,2282.0,5305,4818,137,16,244,0,20
53,93247,4236,1795,1628,7,30,70,2,4,54,2441,796,9,24,2,3,1503,104,8600000US93247,13698.0,1158.0,4236,2424,16,54,72,5,1507
54,21613,6994,6948,4578,2299,10,27,0,1,33,46,17,8,0,1,0,17,3,8600000US21613,30764.0,3341.0,6994,4595,2307,10,28,0,18
55,29575,12745,12555,11729,595,37,107,7,4,76,190,114,2,3,1,1,63,6,8600000US29575,30142.0,2326.0,12745,11843,597,40,108,8,67
56,35504,5138,5101,5003,42,17,16,1,0,22,37,23,0,0,0,0,12,2,8600000US35504,24611.0,2357.0,5138,5026,42,17,16,1,12
57,77355,4704,4359,4258,30,21,9,2,1,38,345,219,1,1,0,0,107,17,8600000US77355,37189.0,3195.0,4704,4477,31,22,9,2,108
58,76262,5579,5357,5149,60,30,49,2,1,66,222,128,1,3,0,0,72,18,8600000US76262,50725.0,2992.0,5579,5277,61,33,49,2,73
59,62286,2538,2521,2215,272,4,8,0,0,22,17,12,1,0,0,0,4,0,8600000US62286,29014.0,3640.0,2538,2227,273,4,8,0,4
60,32542,2521,2293,1796,368,11,54,7,8,49,228,108,10,3,3,0,92,12,8600000US32542,19813.0,3310.0,2521,1904,378,14,57,7,100
61,44483,11916,11825,10635,1054,15,30,0,6,85,91,60,7,1,2,0,15,6,8600000US44483,22502.0,1229.0,11916,10695,1061,16,32,0,21
62,30078,9630,9323,8332,652,19,223,1,5,91,307,162,12,3,0,0,108,22,8600000US30078,31024.0,2135.0,9630,8494,664,22,223,1,113
63,49107,4169,4120,3849,197,17,15,0,1,41,49,23,2,2,0,0,16,6,8600000US49107,24336.0,1605.0,4169,3872,199,19,15,0,17
64,34234,8331,7970,4960,2830,30,42,2,9,97,361,225,22,2,0,0,77,35,8600000US34234,21082.0,2013.0,8331,5185,2852,32,42,2,86
65,98374,10189,9896,9137,190,88,251,31,18,181,293,155,4,2,6,0,102,24,8600000US98374,33386.0,1714.0,10189,9292,194,90,257,31,120
66,78408,3585,1197,886,257,12,16,1,6,19,2388,1374,9,18,2,0,892,93,8600000US78408,16960.0,1518.0,3585,2260,266,30,18,1,898
67,43026,17769,17500,16264,445,28,572,4,12,175,269,149,8,1,1,0,95,15,8600000US43026,37741.0,1397.0,17769,16413,453,29,573,4,107
68,7849,2660,2575,2519,19,2,14,0,1,20,85,61,1,0,0,0,18,5,8600000US07849,42821.0,4024.0,2660,2580,20,2,14,0,19
69,35661,6401,6358,5457,831,17,21,0,1,31,43,25,5,2,0,0,10,1,8600000US35661,26638.0,1593.0,6401,5482,836,19,21,0,11
70,30233,6483,6407,5129,1197,20,15,3,1,42,76,49,6,0,0,0,14,7,8600000US30233,24573.0,5056.0,6483,5178,1203,20,15,3,15
71,37421,16676,16467,14018,1918,39,360,1,8,123,209,125,2,2,1,0,64,15,8600000US37421,32504.0,1433.0,16676,14143,1920,41,361,1,72
72,10550,13833,12591,2278,9346,41,221,10,140,555,1242,486,147,12,5,0,473,119,8600000US10550,23387.0,1219.0,13833,2764,9493,53,226,10,613
73,27524,3932,3724,3360,330,15,5,0,0,14,208,77,3,3,0,0,115,10,8600000US27524,22346.0,2087.0,3932,3437,333,18,5,0,115
74,98337,2869,2710,2260,157,53,89,18,12,121,159,74,7,4,8,1,48,17,8600000US98337,25663.0,2404.0,2869,2334,164,57,97,19,60
75,1507,3788,3770,3730,7,4,10,1,2,16,18,14,1,0,0,0,3,0,8600000US01507,39167.0,3312.0,3788,3744,8,4,10,1,5
76,95765,5238,4922,4441,66,21,265,5,5,119,316,196,1,3,6,2,86,22,8600000US95765,42341.0,2011.0,5238,4637,67,24,271,7,91
77,45103,9501,9435,9141,114,23,100,4,2,51,66,44,0,1,0,0,16,5,8600000US45103,29695.0,1758.0,9501,9185,114,24,100,4,18
78,13760,18698,18528,17806,331,29,235,4,11,112,170,111,6,1,2,0,41,9,8600000US13760,30955.0,1262.0,18698,17917,337,30,237,4,52
79,28403,13915,13625,11693,1615,53,135,6,10,113,290,156,27,3,1,1,79,23,8600000US28403,25146.0,1534.0,13915,11849,1642,56,136,7,89
80,72335,6388,6333,3137,3121,11,32,0,0,32,55,29,9,1,0,0,13,3,8600000US72335,15217.0,1312.0,6388,3166,3130,12,32,0,13
81,98226,22045,21430,19685,147,663,567,16,40,312,615,290,6,26,7,4,240,42,8600000US98226,31475.0,1524.0,22045,19975,153,689,574,20,280
82,96790,2534,2429,1571,5,6,472,111,3,261,105,45,0,3,5,6,20,26,8600000US96790,40341.0,5113.0,2534,1616,5,9,477,117,23
83,6067,7557,7379,6829,236,3,238,2,2,69,178,113,3,2,0,0,49,11,8600000US06067,44956.0,3409.0,7557,6942,239,5,238,2,51
84,33714,7966,7725,7186,161,48,229,5,8,88,241,153,5,7,1,0,60,15,8600000US33714,19670.0,1259.0,7966,7339,166,55,230,5,68
85,53209,19264,18952,7516,11022,52,185,2,7,168,312,113,65,2,2,1,105,24,8600000US53209,20313.0,766.0,19264,7629,11087,54,187,3,112
86,75180,6163,4985,3702,1102,52,40,2,5,82,1178,449,14,12,0,0,653,50,8600000US75180,14709.0,961.0,6163,4151,1116,64,40,2,658
87,38105,3671,3625,403,3085,1,95,0,2,39,46,20,15,0,1,0,7,3,8600000US38105,16697.0,2708.0,3671,423,3100,1,96,0,9
88,66049,8195,8009,7230,339,97,226,3,8,106,186,105,3,1,2,0,60,15,8600000US66049,38219.0,1888.0,8195,7335,342,98,228,3,68
89,78721,3099,1898,176,1691,7,2,0,4,18,1201,459,19,13,0,1,675,34,8600000US78721,20187.0,1757.0,3099,635,1710,20,2,1,679
90,62401,7650,7604,7510,17,10,32,0,0,35,46,24,0,1,0,0,17,4,8600000US62401,30139.0,2247.0,7650,7534,17,11,32,0,17
91,16511,4456,4349,4104,202,2,10,0,4,27,107,44,5,0,0,1,52,5,8600000US16511,26624.0,1696.0,4456,4148,207,2,10,1,56
92,48074,3117,3093,3020,33,9,3,1,1,26,24,16,0,2,0,0,6,0,8600000US48074,26586.0,2567.0,3117,3036,33,11,3,1,7
93,33304,9655,8934,7199,1207,23,119,5,19,362,721,500,32,5,4,0,139,41,8600000US33304,45069.0,5858.0,9655,7699,1239,28,123,5,158
94,86047,4020,3267,1661,101,1426,29,2,1,47,753,316,5,22,0,0,372,38,8600000US86047,14594.0,1275.0,4020,1977,106,1448,29,2,373
95,36701,9847,9801,4727,4969,10,45,0,2,48,46,13,18,0,3,0,8,4,8600000US36701,19688.0,1207.0,9847,4740,4987,10,48,0,10
96,29566,4931,4890,4155,683,13,12,1,2,24,41,28,3,1,0,0,7,2,8600000US29566,27831.0,1923.0,4931,4183,686,14,12,1,9
97,83686,10426,9478,9172,23,72,59,13,6,133,948,305,6,11,2,0,572,52,8600000US83686,21683.0,1035.0,10426,9477,29,83,61,13,578
98,93230,17681,12596,10755,800,131,407,28,25,450,5085,1877,23,102,10,2,2774,297,8600000US93230,24361.0,1387.0,17681,12632,823,233,417,30,2799
99,39571,6419,6337,5239,929,29,78,3,6,53,82,48,7,1,0,0,17,9,8600000US39571,27224.0,2332.0,6419,5287,936,30,78,3,23
100,15220,8817,8763,7663,426,3,550,1,14,106,54,41,1,2,0,0,7,3,8600000US15220,37144.0,1809.0,8817,7704,427,5,550,1,21
101,17404,23044,22073,20262,1431,23,172,5,13,167,971,322,56,8,1,1,521,62,8600000US17404,29583.0,1323.0,23044,20584,1487,31,173,6,534
102,68503,6317,6015,4726,501,87,525,5,16,155,302,117,6,6,1,1,151,20,8600000US68503,17567.0,1438.0,6317,4843,507,93,526,6,167
103,75652,4666,4434,3259,1117,16,8,0,0,34,232,86,4,2,0,0,126,14,8600000US75652,20816.0,2231.0,4666,3345,1121,18,8,0,126
104,45177,8234,8189,7786,297,12,33,0,2,59,45,31,1,0,0,0,10,3,8600000US45177,26845.0,2347.0,8234,7817,298,12,33,0,12
105,40356,11486,11395,10915,344,30,29,2,1,74,91,40,1,1,0,0,38,11,8600000US40356,29364.0,1483.0,11486,10955,345,31,29,2,39
106,34769,7214,6655,6396,107,32,43,2,1,74,559,359,23,6,0,1,139,31,8600000US34769,22068.0,2549.0,7214,6755,130,38,43,3,140
107,38119,9755,9617,8214,1052,12,249,2,7,81,138,90,2,0,0,0,37,9,8600000US38119,37616.0,3515.0,9755,8304,1054,12,249,2,44
108,63016,2685,2666,2636,1,8,2,0,0,19,19,13,0,0,0,0,6,0,8600000US63016,29110.0,4207.0,2685,2649,1,8,2,0,6
109,97013,6876,6435,6269,11,40,44,1,1,69,441,201,3,6,2,1,205,23,8600000US97013,30725.0,1751.0,6876,6470,14,46,46,2,206
110,10801,12749,10362,6077,3668,14,321,4,35,243,2387,1435,71,15,6,2,697,161,8600000US10801,31032.0,1610.0,12749,7512,3739,29,327,6,732
111,80031,10975,9577,8871,124,40,413,4,3,122,1398,761,5,25,5,2,527,73,8600000US80031,35538.0,1608.0,10975,9632,129,65,418,6,530
112,78501,18696,4293,3868,89,18,252,3,3,60,14403,11470,19,48,7,3,2428,428,8600000US78501,17546.0,905.0,18696,15338,108,66,259,6,2431
113,27705,17329,16502,11809,3617,45,772,1,20,238,827,258,22,4,2,1,493,47,8600000US27705,34276.0,2072.0,17329,12067,3639,49,774,2,513
114,44413,3115,3105,3082,4,3,1,0,0,15,10,7,0,0,0,0,2,1,8600000US44413,21581.0,1936.0,3115,3089,4,3,1,0,2
115,54720,3003,2993,2933,15,11,17,0,1,16,10,7,0,0,1,0,1,1,8600000US54720,30393.0,3112.0,3003,2940,15,11,18,0,2
116,15146,12382,12307,10754,980,12,454,6,13,88,75,49,4,0,1,1,15,5,8600000US15146,33327.0,1364.0,12382,10803,984,12,455,7,28
117,35212,6086,5910,1476,4374,9,17,0,3,31,176,43,21,4,0,0,97,11,8600000US35212,19139.0,1930.0,6086,1519,4395,13,17,0,100
118,54220,16707,16483,16037,50,85,230,4,3,74,224,122,2,6,1,1,84,8,8600000US54220,27316.0,1062.0,16707,16159,52,91,231,5,87
119,8098,2928,2898,2547,316,7,16,0,2,10,30,20,1,0,0,0,7,2,8600000US08098,36881.0,2914.0,2928,2567,317,7,16,0,9
120,35802,9431,9317,8178,789,46,219,2,9,74,114,90,4,1,1,0,13,5,8600000US35802,43370.0,2143.0,9431,8268,793,47,220,2,22
121,45769,2610,2606,2541,29,11,1,0,1,23,4,3,0,0,0,0,1,0,8600000US45769,21360.0,2628.0,2610,2544,29,11,1,0,2
122,10032,20789,8075,1703,5322,43,581,3,46,377,12714,2589,939,128,17,16,7797,1228,8600000US10032,23217.0,1429.0,20789,4292,6261,171,598,19,7843
123,98116,10571,10276,9422,153,76,352,16,21,236,295,166,6,8,2,2,80,31,8600000US98116,60743.0,3890.0,10571,9588,159,84,354,18,101
124,57350,5996,5945,5813,45,37,23,1,0,26,51,28,0,2,0,1,17,3,8600000US57350,23820.0,1218.0,5996,5841,45,39,23,2,17
125,54457,3426,3387,3323,2,42,5,1,2,12,39,14,0,1,0,0,22,2,8600000US54457,29632.0,3189.0,3426,3337,2,43,5,1,24
126,92024,18277,16704,15750,86,51,523,20,28,246,1573,898,3,29,4,1,560,78,8600000US92024,58763.0,4218.0,18277,16648,89,80,527,21,588
127,6484,14190,13816,13301,122,21,235,0,7,130,374,262,5,2,2,0,85,18,8600000US06484,45642.0,2806.0,14190,13563,127,23,237,0,92
128,23847,5110,5062,2337,2677,4,17,3,5,19,48,26,8,1,0,0,13,0,8600000US23847,16588.0,1023.0,5110,2363,2685,5,17,3,18
129,11961,5270,5155,4944,133,10,26,0,4,38,115,85,3,1,0,0,20,6,8600000US11961,34900.0,2372.0,5270,5029,136,11,26,0,24
130,14613,5545,4990,3267,1458,39,78,0,13,135,555,208,31,4,1,0,244,67,8600000US14613,15823.0,1078.0,5545,3475,1489,43,79,0,257
131,63052,6661,6603,6511,13,18,15,3,1,42,58,33,0,1,1,0,13,10,8600000US63052,28730.0,1471.0,6661,6544,13,19,16,3,14
132,8090,3048,3008,2687,277,3,17,0,0,24,40,26,3,1,1,0,6,3,8600000US08090,34114.0,1872.0,3048,2713,280,4,18,0,6
133,84501,4465,4084,3936,9,33,12,2,8,84,381,160,0,6,1,0,179,35,8600000US84501,21507.0,1138.0,4465,4096,9,39,13,2,187
134,41501,9778,9722,9548,63,8,53,1,0,49,56,45,2,1,3,0,3,2,8600000US41501,24048.0,2229.0,9778,9593,65,9,56,1,3
135,37854,4878,4859,4669,145,9,6,2,1,27,19,15,0,0,0,0,3,1,8600000US37854,21126.0,1876.0,4878,4684,145,9,6,2,4
136,84116,9710,6919,5745,288,102,389,208,8,179,2791,1353,29,39,4,2,1203,161,8600000US84116,18518.0,1404.0,9710,7098,317,141,393,210,1211
137,56303,9606,9529,9180,91,40,148,2,6,62,77,39,2,3,0,0,31,2,8600000US56303,27621.0,1609.0,9606,9219,93,43,148,2,37
138,21234,29231,28883,23078,4738,45,734,8,16,264,348,206,39,3,2,3,58,37,8600000US21234,33528.0,1069.0,29231,23284,4777,48,736,11,74
139,75013,3735,3619,3278,106,12,196,1,1,25,116,73,1,2,2,0,33,5,8600000US75013,51388.0,3582.0,3735,3351,107,14,198,1,34
140,70809,8871,8716,7745,760,19,128,1,10,53,155,119,2,2,2,0,26,4,8600000US70809,43456.0,2726.0,8871,7864,762,21,130,1,36
141,28144,10113,9910,5877,3832,36,80,1,7,77,203,105,16,0,0,2,72,8,8600000US28144,23120.0,2063.0,10113,5982,3848,36,80,3,79
142,99026,2539,2515,2445,9,19,10,2,0,30,24,16,0,0,0,1,6,1,8600000US99026,30937.0,2982.0,2539,2461,9,19,10,3,6
143,56320,2768,2725,2709,2,2,1,0,1,10,43,26,2,1,0,0,13,1,8600000US56320,33415.0,2080.0,2768,2735,4,3,1,0,14
144,78016,3124,1970,1899,13,10,1,0,7,40,1154,715,4,11,2,0,368,54,8600000US78016,23182.0,2131.0,3124,2614,17,21,3,0,375
145,1966,3490,3470,3429,5,3,11,0,2,20,20,13,0,0,0,0,5,2,8600000US01966,43976.0,4563.0,3490,3442,5,3,11,0,7
146,37062,3362,3341,3282,15,12,5,0,0,27,21,14,0,0,0,0,5,2,8600000US37062,28863.0,2537.0,3362,3296,15,12,5,0,5
147,75428,3538,3371,2680,567,18,56,6,3,41,167,88,4,3,0,0,67,5,8600000US75428,18873.0,1644.0,3538,2768,571,21,56,6,70
148,8203,5473,5162,4707,161,8,215,2,7,62,311,122,14,3,2,0,152,18,8600000US08203,41869.0,2751.0,5473,4829,175,11,217,2,159
149,98106,8500,7846,4862,924,127,1435,103,26,369,654,148,24,17,5,0,404,56,8600000US98106,31374.0,1793.0,8500,5010,948,144,1440,103,430
150,28711,5080,5047,4769,196,15,22,1,2,42,33,19,0,0,0,0,13,1,8600000US28711,25380.0,1898.0,5080,4788,196,15,22,1,15
151,29418,8796,8555,5044,3136,31,207,7,6,124,241,102,22,3,2,2,90,20,8600000US29418,23308.0,1966.0,8796,5146,3158,34,209,9,96
152,48451,4528,4506,4440,6,14,12,2,1,31,22,14,0,0,0,0,7,1,8600000US48451,33754.0,1658.0,4528,4454,6,14,12,2,8
153,33592,3707,3542,3064,394,21,7,3,6,47,165,102,3,2,2,0,47,9,8600000US33592,22367.0,2366.0,3707,3166,397,23,9,3,53
154,30152,8902,8576,7787,519,24,165,0,6,75,326,153,6,2,1,1,123,40,8600000US30152,37929.0,2356.0,8902,7940,525,26,166,1,129
155,5482,2652,2633,2601,2,3,19,0,1,7,19,14,0,0,0,0,4,1,8600000US05482,55568.0,6361.0,2652,2615,2,3,19,0,5
156,70435,3727,3692,3374,290,9,2,0,4,13,35,29,0,1,0,0,5,0,8600000US70435,32194.0,2398.0,3727,3403,290,10,2,0,9
157,1027,7411,7311,7148,31,12,64,0,12,44,100,38,6,1,0,0,50,5,8600000US01027,34386.0,2680.0,7411,7186,37,13,64,0,62
158,23692,6414,6343,5801,355,24,112,5,2,44,71,47,1,0,0,0,20,3,8600000US23692,38117.0,2211.0,6414,5848,356,24,112,5,22
159,32344,3740,3701,2358,1295,10,7,1,0,30,39,19,7,0,1,0,7,5,8600000US32344,21713.0,1618.0,3740,2377,1302,10,8,1,7
160,47394,3579,3555,3526,0,7,9,0,0,13,24,17,0,0,1,0,4,2,8600000US47394,24922.0,3803.0,3579,3543,0,7,10,0,4
161,48316,7776,7710,7516,40,21,71,0,2,60,66,46,0,0,1,0,16,3,8600000US48316,38875.0,3158.0,7776,7562,40,21,72,0,18
162,35151,3216,3199,2799,372,14,0,0,1,13,17,14,0,0,0,0,3,0,8600000US35151,19787.0,2101.0,3216,2813,372,14,0,0,4
163,68949,2740,2696,2676,1,9,3,0,0,7,44,23,0,0,0,0,18,3,8600000US68949,29594.0,2957.0,2740,2699,1,9,3,0,18
164,30106,5739,5587,3696,1748,10,61,1,7,64,152,70,4,2,1,1,59,15,8600000US30106,23720.0,1785.0,5739,3766,1752,12,62,2,66
165,78840,13892,4374,3944,227,43,71,5,6,78,9518,7040,18,51,3,1,2134,271,8600000US78840,20152.0,1253.0,13892,10984,245,94,74,6,2140
166,89030,14019,6881,3188,3221,75,185,28,9,175,7138,3616,56,55,11,5,2964,431,8600000US89030,12967.0,584.0,14019,6804,3277,130,196,33,2973
167,98390,15999,15612,14950,75,147,162,21,9,248,387,236,2,6,5,1,111,26,8600000US98390,33357.0,2884.0,15999,15186,77,153,167,22,120
168,30224,8121,8037,6321,1615,9,54,1,0,37,84,38,14,2,1,0,22,7,8600000US30224,26582.0,3128.0,8121,6359,1629,11,55,1,22
169,37617,5087,5057,5004,9,7,10,1,3,23,30,23,0,0,0,0,6,1,8600000US37617,28341.0,2544.0,5087,5027,9,7,10,1,9
170,23704,7448,7380,1946,5294,23,28,5,6,78,68,29,13,4,0,0,17,5,8600000US23704,21272.0,1323.0,7448,1975,5307,27,28,5,23
171,85226,14375,13088,11444,531,116,806,12,20,159,1287,657,9,21,9,2,514,75,8600000US85226,38109.0,1720.0,14375,12101,540,137,815,14,534
172,72023,9036,8934,8766,21,35,29,3,2,78,102,72,0,3,1,0,20,6,8600000US72023,26049.0,897.0,9036,8838,21,38,30,3,22
173,1082,4113,4059,3980,20,8,17,0,2,32,54,27,1,2,0,0,21,3,8600000US01082,27830.0,2109.0,4113,4007,21,10,17,0,23
174,23451,19220,18767,16716,1531,54,214,13,22,217,453,245,17,8,5,5,137,36,8600000US23451,46647.0,2554.0,19220,16961,1548,62,219,18,159
175,1129,2756,2603,2185,359,8,23,0,3,25,153,64,9,1,0,0,65,14,8600000US01129,30597.0,2229.0,2756,2249,368,9,23,0,68
176,29730,16752,16537,10416,5654,277,90,2,6,92,215,89,12,5,0,1,93,15,8600000US29730,23919.0,1055.0,16752,10505,5666,282,90,3,99
177,7751,5276,5138,4363,101,6,639,1,2,26,138,102,6,1,1,0,23,5,8600000US07751,57947.0,5537.0,5276,4465,107,7,640,1,25
178,2476,7630,7527,6980,115,11,350,0,15,56,103,77,3,0,0,0,19,4,8600000US02476,56965.0,3287.0,7630,7057,118,11,350,0,34
179,80424,2998,2913,2842,5,9,14,0,2,41,85,53,0,2,0,0,27,3,8600000US80424,38006.0,4503.0,2998,2895,5,11,14,0,29
180,1527,4927,4901,4811,20,6,37,1,2,24,26,18,0,0,0,0,8,0,8600000US01527,37951.0,3958.0,4927,4829,20,6,37,1,10
181,95054,4274,3888,1891,118,15,1713,11,12,128,386,176,3,4,7,1,171,24,8600000US95054,54051.0,3672.0,4274,2067,121,19,1720,12,183
182,28360,4373,4157,1071,373,2652,6,1,7,47,216,128,1,24,0,1,55,7,8600000US28360,18017.0,1038.0,4373,1199,374,2676,6,2,62
183,32210,22736,21904,15979,4993,83,534,12,20,283,832,397,57,9,6,2,297,64,8600000US32210,24221.0,1119.0,22736,16376,5050,92,540,14,317
184,46250,8408,8230,7396,549,14,190,6,8,67,178,88,1,3,1,0,76,9,8600000US46250,39680.0,2689.0,8408,7484,550,17,191,6,84
185,3857,3379,3336,3210,18,5,69,0,6,28,43,27,2,2,0,0,9,3,8600000US03857,37755.0,3384.0,3379,3237,20,7,69,0,15
186,24153,14104,14022,13266,597,17,77,2,5,58,82,58,4,1,0,0,16,3,8600000US24153,30698.0,1699.0,14104,13324,601,18,77,2,21
187,6489,11288,11111,10864,84,8,83,0,4,68,177,109,6,0,1,0,49,12,8600000US06489,41231.0,1533.0,11288,10973,90,8,84,0,53
188,91202,8763,7971,5944,103,10,1290,12,10,602,792,510,4,3,3,0,214,58,8600000US91202,36366.0,2497.0,8763,6454,107,13,1293,12,224
189,77318,3786,3639,3531,44,28,10,0,2,24,147,90,1,2,0,0,43,11,8600000US77318,33766.0,4897.0,3786,3621,45,30,10,0,45
190,95762,7236,6954,6489,52,30,253,10,18,102,282,179,0,7,6,1,69,20,8600000US95762,53185.0,2610.0,7236,6668,52,37,259,11,87
191,4473,2691,2672,2546,17,17,59,1,5,27,19,11,1,0,0,0,6,1,8600000US04473,25040.0,2461.0,2691,2557,18,17,59,1,11
192,17362,4177,4155,4121,7,2,5,0,2,18,22,12,0,0,0,0,7,3,8600000US17362,31633.0,1902.0,4177,4133,7,2,5,0,9
193,15219,6761,6700,1433,5070,20,64,5,11,97,61,24,15,0,0,0,18,4,8600000US15219,17266.0,1471.0,6761,1457,5085,20,64,5,29
194,48335,10489,10346,8212,727,19,1258,3,10,117,143,99,2,1,1,0,27,13,8600000US48335,43881.0,2074.0,10489,8311,729,20,1259,3,37
195,35803,9896,9727,8966,239,58,314,7,6,137,169,115,2,3,2,0,37,10,8600000US35803,38997.0,2424.0,9896,9081,241,61,316,7,43
196,48706,16575,16224,15915,80,57,65,2,3,102,351,218,2,8,0,0,94,29,8600000US48706,25821.0,947.0,16575,16133,82,65,65,2,97
197,15137,4903,4877,4355,469,4,18,0,4,27,26,15,2,0,1,0,4,4,8600000US15137,27693.0,3799.0,4903,4370,471,4,19,0,8
198,24416,3447,3426,3258,132,8,11,1,0,16,21,16,1,0,0,0,1,3,8600000US24416,21762.0,2179.0,3447,3274,133,8,11,1,1
199,45459,11917,11800,11147,276,13,283,1,5,75,117,81,6,1,1,0,21,7,8600000US45459,44834.0,1650.0,11917,11228,282,14,284,1,26
200,76051,15609,14322,13334,379,87,335,8,17,162,1287,717,10,7,3,1,500,49,8600000US76051,43011.0,2142.0,15609,14051,389,94,338,9,517
201,97007,19770,18780,16499,272,93,1499,54,18,345,990,430,10,18,6,2,455,69,8600000US97007,34533.0,1292.0,19770,16929,282,111,1505,56,473
202,38668,4370,4343,3202,1102,8,4,4,0,23,27,16,4,1,1,0,4,1,8600000US38668,23719.0,2138.0,4370,3218,1106,9,5,4,4
203,29307,8355,8262,7019,1130,7,55,0,4,47,93,47,4,0,0,0,36,6,8600000US29307,26526.0,1555.0,8355,7066,1134,7,55,0,40
204,34984,3582,3359,3099,205,3,25,0,1,26,223,171,6,2,0,0,37,7,8600000US34984,26090.0,2541.0,3582,3270,211,5,25,0,38
205,44030,6398,6362,6216,60,11,23,2,0,50,36,25,0,0,0,0,7,4,8600000US44030,20395.0,768.0,6398,6241,60,11,23,2,7
206,51632,2577,2569,2520,11,5,16,1,0,16,8,6,0,0,0,0,1,1,8600000US51632,24136.0,2865.0,2577,2526,11,5,16,1,1
207,79924,18877,9924,7391,1777,73,381,37,13,252,8953,5803,75,73,17,4,2514,467,8600000US79924,17850.0,847.0,18877,13194,1852,146,398,41,2527
208,98056,10287,9858,8080,490,66,955,26,19,222,429,191,7,6,8,2,178,37,8600000US98056,43286.0,3036.0,10287,8271,497,72,963,28,197
209,41139,3620,3605,3575,4,5,7,0,0,14,15,8,0,1,0,0,6,0,8600000US41139,26268.0,2499.0,3620,3583,4,6,7,0,6
210,85501,5206,4000,3836,20,74,34,2,1,33,1206,656,1,15,2,0,493,39,8600000US85501,22720.0,1714.0,5206,4492,21,89,36,2,494
211,91706,17235,4825,2061,328,60,2211,19,13,133,12410,5282,28,198,23,9,6217,653,8600000US91706,17717.0,581.0,17235,7343,356,258,2234,28,6230
212,84084,12043,10917,10407,65,47,179,109,9,101,1126,505,5,8,3,0,536,69,8600000US84084,25515.0,1354.0,12043,10912,70,55,182,109,545
213,76092,6254,6092,5855,80,19,99,0,4,35,162,117,0,0,1,0,34,10,8600000US76092,79825.0,4884.0,6254,5972,80,19,100,0,38
214,77625,2826,2789,2505,249,7,4,0,1,23,37,19,2,0,0,0,14,2,8600000US77625,34005.0,7473.0,2826,2524,251,7,4,0,15
215,55103,5098,4796,2619,1158,57,777,2,13,170,302,124,11,4,1,0,133,29,8600000US55103,18096.0,1276.0,5098,2743,1169,61,778,2,146
216,90712,10685,9051,6983,830,40,906,37,21,234,1634,802,11,19,13,4,687,98,8600000US90712,32656.0,1253.0,10685,7785,841,59,919,41,708
217,75494,4041,3870,3730,88,10,11,1,0,30,171,84,1,4,0,0,78,4,8600000US75494,21684.0,2265.0,4041,3814,89,14,11,1,78
218,77591,4000,3683,1400,2200,10,41,0,1,31,317,147,8,2,2,0,136,22,8600000US77591,26635.0,3452.0,4000,1547,2208,12,43,0,137
219,84341,5086,4932,4640,28,20,197,13,2,32,154,74,0,0,0,0,68,12,8600000US84341,23014.0,1459.0,5086,4714,28,20,197,13,70
220,29576,7385,7343,7067,204,10,17,3,0,42,42,26,2,1,2,0,8,3,8600000US29576,33321.0,1966.0,7385,7093,206,11,19,3,8
221,49461,3274,3248,3186,12,25,6,0,1,18,26,16,0,0,0,0,8,2,8600000US49461,27533.0,2033.0,3274,3202,12,25,6,0,9
222,44301,6972,6922,5687,1095,13,61,1,3,62,50,29,6,0,1,0,10,4,8600000US44301,21662.0,1590.0,6972,5716,1101,13,62,1,13
223,19454,9530,9428,8152,519,9,680,2,7,59,102,73,4,0,0,0,23,2,8600000US19454,46636.0,2730.0,9530,8225,523,9,680,2,30
224,78219,5032,3525,1848,1524,17,90,3,2,41,1507,851,16,12,5,1,540,82,8600000US78219,16793.0,1325.0,5032,2699,1540,29,95,4,542
225,45344,6663,6575,6468,14,15,18,1,0,59,88,41,1,3,0,0,35,8,8600000US45344,24327.0,1848.0,6663,6509,15,18,18,1,35
226,60561,8961,8744,7728,161,5,794,1,5,50,217,150,3,0,2,0,53,9,8600000US60561,45628.0,2274.0,8961,7878,164,5,796,1,58
227,95476,14129,12626,12163,32,55,137,14,17,208,1503,877,1,22,1,2,504,96,8600000US95476,48634.0,6300.0,14129,13040,33,77,138,16,521
228,48390,7929,7854,7594,53,11,131,1,6,58,75,51,0,0,2,0,17,5,8600000US48390,37929.0,1593.0,7929,7645,53,11,133,1,23
229,72956,10899,10577,9914,116,182,149,0,4,212,322,127,1,7,3,0,158,26,8600000US72956,22325.0,1208.0,10899,10041,117,189,152,0,162
230,8318,4181,4114,3806,243,16,15,1,4,29,67,30,5,1,0,0,25,6,8600000US08318,35730.0,2152.0,4181,3836,248,17,15,1,29
231,2120,4041,3180,1417,1292,23,287,2,27,132,861,241,87,7,2,2,417,105,8600000US02120,18566.0,2064.0,4041,1658,1379,30,289,4,444
232,19518,3915,3893,3776,73,6,15,0,0,23,22,8,0,0,0,0,13,1,8600000US19518,35696.0,2066.0,3915,3784,73,6,15,0,13
233,32818,11954,10529,5099,4624,35,342,7,67,355,1425,769,100,7,7,0,441,101,8600000US32818,17759.0,942.0,11954,5868,4724,42,349,7,508
234,78380,6986,1975,1842,79,18,8,2,1,25,5011,3302,1,18,0,2,1477,211,8600000US78380,21099.0,2474.0,6986,5144,80,36,8,4,1478
235,38012,5737,5625,2674,2911,5,5,0,1,29,112,33,11,2,0,1,59,6,8600000US38012,21865.0,2941.0,5737,2707,2922,7,5,1,60
236,22546,3633,3601,2412,1125,13,10,0,1,40,32,15,5,0,0,0,11,1,8600000US22546,28638.0,1889.0,3633,2427,1130,13,10,0,12
237,77429,14090,13140,12221,430,29,313,5,12,130,950,576,11,7,3,1,316,36,8600000US77429,41786.0,2421.0,14090,12797,441,36,316,6,328
238,45226,3249,3223,3042,118,2,32,0,1,28,26,17,2,0,0,0,6,1,8600000US45226,60985.0,8857.0,3249,3059,120,2,32,0,7
239,70127,11754,11563,1769,9538,16,90,0,24,126,191,67,69,1,0,0,35,19,8600000US70127,16715.0,1022.0,11754,1836,9607,17,90,0,59
240,37701,2737,2708,2213,458,7,7,1,0,22,29,20,1,0,0,0,5,3,8600000US37701,23304.0,2747.0,2737,2233,459,7,7,1,5
241,76548,6293,5643,4420,871,49,176,16,7,104,650,279,13,7,3,0,311,37,8600000US76548,31033.0,4921.0,6293,4699,884,56,179,16,318
242,29455,5353,5180,3587,1513,18,19,3,4,36,173,84,6,0,0,0,78,5,8600000US29455,46292.0,3081.0,5353,3671,1519,18,19,3,82
243,49038,4037,3983,3876,46,24,12,0,1,24,54,29,1,1,1,0,18,4,8600000US49038,27674.0,2403.0,4037,3905,47,25,13,0,19
244,80233,13022,11117,10471,153,66,265,9,17,136,1905,974,8,46,2,0,769,106,8600000US80233,28492.0,1234.0,13022,11445,161,112,267,9,786
245,91436,5124,4998,4641,70,8,163,1,8,107,126,100,0,1,0,0,17,8,8600000US91436,89841.0,8311.0,5124,4741,70,9,163,1,25
246,90003,14461,6984,128,6658,18,45,5,26,104,7477,2009,78,82,10,12,4831,455,8600000US90003,11305.0,463.0,14461,2137,6736,100,55,17,4857
247,84414,6099,5947,5834,23,15,40,4,3,28,152,66,0,1,1,0,74,10,8600000US84414,28456.0,1161.0,6099,5900,23,16,41,4,77
248,8062,3514,3476,3322,126,4,9,0,1,14,38,23,2,2,0,0,9,2,8600000US08062,49709.0,2476.0,3514,3345,128,6,9,0,10
249,37650,5353,5280,5232,2,11,2,1,0,32,73,38,0,1,0,0,30,4,8600000US37650,20088.0,1766.0,5353,5270,2,12,2,1,30
0,58078,5813,5754,5650,16,45,10,2,3,28,59,26,1,1,0,0,26,5,8600000US58078,37562.0,2238.0,5813,5676,17,46,10,2,29
1,78602,6279,5572,4805,633,36,36,1,3,58,707,426,6,3,0,0,242,30,8600000US78602,24889.0,2143.0,6279,5231,639,39,36,1,245
2,29180,5521,5470,2509,2929,2,9,0,2,19,51,23,10,1,0,0,15,2,8600000US29180,23759.0,3234.0,5521,2532,2939,3,9,0,17
3,70062,6604,6171,3307,2706,28,57,1,6,66,433,266,12,2,1,1,121,30,8600000US70062,19565.0,1054.0,6604,3573,2718,30,58,2,127
4,62208,5939,5856,4824,896,9,71,0,2,54,83,47,0,0,1,0,29,6,8600000US62208,34226.0,2886.0,5939,4871,896,9,72,0,31
5,11238,21104,19154,3813,13814,47,714,17,112,637,1950,486,571,20,9,3,670,191,8600000US11238,49004.0,2183.0,21104,4299,14385,67,723,20,782
6,60645,16136,14350,10066,1638,27,1974,8,77,560,1786,907,36,12,10,1,721,99,8600000US60645,26150.0,1605.0,16136,10973,1674,39,1984,9,798
7,29902,9098,8847,6733,1935,21,70,10,3,75,251,113,22,3,1,0,95,17,8600000US29902,27415.0,2795.0,9098,6846,1957,24,71,10,98
8,78758,18024,13844,10136,1992,38,1338,8,33,299,4180,1736,29,37,8,3,2182,185,8600000US78758,27889.0,1472.0,18024,11872,2021,75,1346,11,2215
9,44136,16209,16075,15329,207,6,429,1,1,102,134,93,2,1,1,0,26,11,8600000US44136,42184.0,2878.0,16209,15422,209,7,430,1,27
10,72834,3594,3345,3194,80,13,11,0,0,47,249,50,0,2,0,1,186,10,8600000US72834,20386.0,2235.0,3594,3244,80,15,11,1,186
11,33556,5017,4738,4476,128,17,77,1,3,36,279,247,3,2,0,1,16,10,8600000US33556,46812.0,3853.0,5017,4723,131,19,77,2,19
12,15071,3873,3837,3626,87,5,100,0,1,18,36,28,2,0,2,0,3,1,8600000US15071,39214.0,2370.0,3873,3654,89,5,102,0,4
13,28104,6625,6538,6124,280,27,50,0,5,52,87,57,0,1,0,0,27,2,8600000US28104,45050.0,2599.0,6625,6181,280,28,50,0,32
14,46323,9265,8142,6793,1179,19,55,3,6,87,1123,642,11,7,2,2,404,55,8600000US46323,21186.0,1411.0,9265,7435,1190,26,57,5,410
15,60077,10081,9656,7634,231,4,1620,2,9,156,425,259,5,6,8,0,121,26,8600000US60077,28714.0,2397.0,10081,7893,236,10,1628,2,130
16,46619,7465,6642,4732,1803,16,18,0,2,71,823,240,5,11,0,1,527,39,8600000US46619,16613.0,1117.0,7465,4972,1808,27,18,1,529
17,92879,13481,9435,6870,1037,69,1031,33,24,371,4046,1640,31,53,15,5,2055,247,8600000US92879,25041.0,1117.0,13481,8510,1068,122,1046,38,2079
18,85254,18586,18004,17225,202,41,347,11,13,165,582,405,7,3,5,0,127,35,8600000US85254,48595.0,2568.0,18586,17630,209,44,352,11,140
19,34759,2562,1770,1356,321,6,23,3,11,50,792,508,39,8,1,1,183,52,8600000US34759,17552.0,1341.0,2562,1864,360,14,24,4,194
20,7901,8507,7972,7258,333,6,328,1,3,43,535,416,8,4,2,0,72,33,8600000US07901,81398.0,5610.0,8507,7674,341,10,330,1,75
21,6029,5192,5136,4993,49,12,55,1,3,23,56,35,3,0,2,0,14,2,8600000US06029,44475.0,4854.0,5192,5028,52,12,57,1,17
22,47012,3504,3493,3468,1,4,5,0,0,15,11,9,0,0,0,0,0,2,8600000US47012,25507.0,1776.0,3504,3477,1,4,5,0,0
23,6374,3154,3098,3020,21,11,16,0,1,29,56,41,0,0,0,0,14,1,8600000US06374,30557.0,2327.0,3154,3061,21,11,16,0,15
24,52732,11991,11870,11426,294,32,51,0,4,63,121,73,1,4,1,0,36,6,8600000US52732,26377.0,1384.0,11991,11499,295,36,52,0,40
25,11385,34852,24313,21441,378,25,1603,1,77,788,10539,3777,215,69,26,7,5747,698,8600000US11385,27568.0,749.0,34852,25218,593,94,1629,8,5824
26,93648,2824,307,192,0,13,85,0,0,17,2517,835,7,47,4,1,1521,102,8600000US93648,11297.0,1371.0,2824,1027,7,60,89,1,1521
27,24477,3254,3233,3115,89,6,4,2,1,16,21,13,0,0,0,0,8,0,8600000US24477,26828.0,2040.0,3254,3128,89,6,4,2,9
28,98502,10671,10359,9372,143,120,472,20,27,205,312,164,7,11,6,2,100,22,8600000US98502,35259.0,1916.0,10671,9536,150,131,478,22,127
29,32312,10328,10143,8840,1043,19,175,2,4,60,185,141,5,1,1,0,23,14,8600000US32312,47825.0,2655.0,10328,8981,1048,20,176,2,27
30,93536,15176,13307,11122,1229,105,510,28,27,286,1869,903,18,45,6,3,752,142,8600000US93536,26408.0,961.0,15176,12025,1247,150,516,31,779
31,45242,8525,8462,7778,271,6,356,0,4,47,63,45,1,1,2,0,11,3,8600000US45242,51608.0,3425.0,8525,7823,272,7,358,0,15
32,41179,3185,3170,3139,3,9,0,0,0,19,15,14,0,0,0,0,1,0,8600000US41179,19518.0,2722.0,3185,3153,3,9,0,0,1
33,3833,7470,7438,7300,23,13,50,1,4,47,32,23,1,0,0,0,8,0,8600000US03833,46910.0,2431.0,7470,7323,24,13,50,1,12
34,21220,14188,14022,12091,1660,66,92,3,8,102,166,85,10,1,3,0,55,12,8600000US21220,30731.0,1551.0,14188,12176,1670,67,95,3,63
35,60402,22225,16956,15972,193,30,420,1,26,314,5269,2434,30,43,10,2,2511,239,8600000US60402,23692.0,1053.0,22225,18406,223,73,430,3,2537
36,22601,10321,9949,8719,966,23,124,2,8,107,372,159,4,3,0,0,187,19,8600000US22601,28486.0,1332.0,10321,8878,970,26,124,2,195
37,12078,9814,9735,9489,109,17,47,2,4,67,79,48,4,1,0,0,19,7,8600000US12078,23367.0,1436.0,9814,9537,113,18,47,2,23
38,96816,17536,17122,3767,53,10,10632,784,10,1866,414,137,3,5,40,17,50,162,8600000US96816,41388.0,1850.0,17536,3904,56,15,10672,801,60
39,88001,13570,6312,5383,316,182,174,5,34,218,7258,3813,43,121,8,3,2941,329,8600000US88001,16501.0,1358.0,13570,9196,359,303,182,8,2975
40,35071,5435,5411,5293,56,8,20,1,0,33,24,16,0,0,1,0,6,1,8600000US35071,29951.0,2220.0,5435,5309,56,8,21,1,6
41,76230,3824,3738,3685,1,14,11,1,0,26,86,45,0,1,0,0,33,7,8600000US76230,27647.0,3290.0,3824,3730,1,15,11,1,33
42,95240,15685,12138,10874,64,106,624,12,36,422,3547,1381,14,59,19,1,1845,228,8600000US95240,21972.0,942.0,15685,12255,78,165,643,13,1881
43,50310,13435,13193,12050,686,35,235,3,18,166,242,92,6,4,1,0,122,17,8600000US50310,31317.0,1532.0,13435,12142,692,39,236,3,140
44,48117,3637,3598,3460,87,9,3,1,1,37,39,27,1,1,0,0,6,4,8600000US48117,29453.0,2043.0,3637,3487,88,10,3,1,7
45,72801,6555,6400,5843,342,49,67,0,3,96,155,66,5,2,0,0,75,7,8600000US72801,15271.0,957.0,6555,5909,347,51,67,0,78
46,37206,11005,10791,6003,4458,50,57,17,16,190,214,85,12,2,0,0,100,15,8600000US37206,31793.0,2194.0,11005,6088,4470,52,57,17,116
47,7740,12713,10969,8427,2037,16,189,5,59,236,1744,994,96,17,4,0,492,141,8600000US07740,32915.0,1797.0,12713,9421,2133,33,193,5,551
48,67206,5573,5463,4936,211,27,199,2,5,83,110,68,1,3,1,0,29,8,8600000US67206,54097.0,5002.0,5573,5004,212,30,200,2,34
49,64076,3302,3286,3203,37,11,5,1,0,29,16,12,0,0,0,0,4,0,8600000US64076,26016.0,3055.0,3302,3215,37,11,5,1,4
50,70094,11843,11426,7137,3798,81,306,2,9,93,417,242,19,9,2,0,101,44,8600000US70094,18508.0,1171.0,11843,7379,3817,90,308,2,110
51,60142,2977,2885,2805,8,3,49,0,2,18,92,55,0,2,0,0,31,4,8600000US60142,38370.0,2362.0,2977,2860,8,5,49,0,33
52,48377,5305,5225,4762,136,13,243,0,6,65,80,56,1,3,1,0,14,5,8600000US48377,41466.0,2282.0,5305,4818,137,16,244,0,20
53,93247,4236,1795,1628,7,30,70,2,4,54,2441,796,9,24,2,3,1503,104,8600000US93247,13698.0,1158.0,4236,2424,16,54,72,5,1507
54,21613,6994,6948,4578,2299,10,27,0,1,33,46,17,8,0,1,0,17,3,8600000US21613,30764.0,3341.0,6994,4595,2307,10,28,0,18
55,29575,12745,12555,11729,595,37,107,7,4,76,190,114,2,3,1,1,63,6,8600000US29575,30142.0,2326.0,12745,11843,597,40,108,8,67
56,35504,5138,5101,5003,42,17,16,1,0,22,37,23,0,0,0,0,12,2,8600000US35504,24611.0,2357.0,5138,5026,42,17,16,1,12
57,77355,4704,4359,4258,30,21,9,2,1,38,345,219,1,1,0,0,107,17,8600000US77355,37189.0,3195.0,4704,4477,31,22,9,2,108
58,76262,5579,5357,5149,60,30,49,2,1,66,222,128,1,3,0,0,72,18,8600000US76262,50725.0,2992.0,5579,5277,61,33,49,2,73
59,62286,2538,2521,2215,272,4,8,0,0,22,17,12,1,0,0,0,4,0,8600000US62286,29014.0,3640.0,2538,2227,273,4,8,0,4
60,32542,2521,2293,1796,368,11,54,7,8,49,228,108,10,3,3,0,92,12,8600000US32542,19813.0,3310.0,2521,1904,378,14,57,7,100
61,44483,11916,11825,10635,1054,15,30,0,6,85,91,60,7,1,2,0,15,6,8600000US44483,22502.0,1229.0,11916,10695,1061,16,32,0,21
62,30078,9630,9323,8332,652,19,223,1,5,91,307,162,12,3,0,0,108,22,8600000US30078,31024.0,2135.0,9630,8494,664,22,223,1,113
63,49107,4169,4120,3849,197,17,15,0,1,41,49,23,2,2,0,0,16,6,8600000US49107,24336.0,1605.0,4169,3872,199,19,15,0,17
64,34234,8331,7970,4960,2830,30,42,2,9,97,361,225,22,2,0,0,77,35,8600000US34234,21082.0,2013.0,8331,5185,2852,32,42,2,86
65,98374,10189,9896,9137,190,88,251,31,18,181,293,155,4,2,6,0,102,24,8600000US98374,33386.0,1714.0,10189,9292,194,90,257,31,120
66,78408,3585,1197,886,257,12,16,1,6,19,2388,1374,9,18,2,0,892,93,8600000US78408,16960.0,1518.0,3585,2260,266,30,18,1,898
67,43026,17769,17500,16264,445,28,572,4,12,175,269,149,8,1,1,0,95,15,8600000US43026,37741.0,1397.0,17769,16413,453,29,573,4,107
68,7849,2660,2575,2519,19,2,14,0,1,20,85,61,1,0,0,0,18,5,8600000US07849,42821.0,4024.0,2660,2580,20,2,14,0,19
69,35661,6401,6358,5457,831,17,21,0,1,31,43,25,5,2,0,0,10,1,8600000US35661,26638.0,1593.0,6401,5482,836,19,21,0,11
70,30233,6483,6407,5129,1197,20,15,3,1,42,76,49,6,0,0,0,14,7,8600000US30233,24573.0,5056.0,6483,5178,1203,20,15,3,15
71,37421,16676,16467,14018,1918,39,360,1,8,123,209,125,2,2,1,0,64,15,8600000US37421,32504.0,1433.0,16676,14143,1920,41,361,1,72
72,10550,13833,12591,2278,9346,41,221,10,140,555,1242,486,147,12,5,0,473,119,8600000US10550,23387.0,1219.0,13833,2764,9493,53,226,10,613
73,27524,3932,3724,3360,330,15,5,0,0,14,208,77,3,3,0,0,115,10,8600000US27524,22346.0,2087.0,3932,3437,333,18,5,0,115
74,98337,2869,2710,2260,157,53,89,18,12,121,159,74,7,4,8,1,48,17,8600000US98337,25663.0,2404.0,2869,2334,164,57,97,19,60
75,1507,3788,3770,3730,7,4,10,1,2,16,18,14,1,0,0,0,3,0,8600000US01507,39167.0,3312.0,3788,3744,8,4,10,1,5
76,95765,5238,4922,4441,66,21,265,5,5,119,316,196,1,3,6,2,86,22,8600000US95765,42341.0,2011.0,5238,4637,67,24,271,7,91
77,45103,9501,9435,9141,114,23,100,4,2,51,66,44,0,1,0,0,16,5,8600000US45103,29695.0,1758.0,9501,9185,114,24,100,4,18
78,13760,18698,18528,17806,331,29,235,4,11,112,170,111,6,1,2,0,41,9,8600000US13760,30955.0,1262.0,18698,17917,337,30,237,4,52
79,28403,13915,13625,11693,1615,53,135,6,10,113,290,156,27,3,1,1,79,23,8600000US28403,25146.0,1534.0,13915,11849,1642,56,136,7,89
80,72335,6388,6333,3137,3121,11,32,0,0,32,55,29,9,1,0,0,13,3,8600000US72335,15217.0,1312.0,6388,3166,3130,12,32,0,13
81,98226,22045,21430,19685,147,663,567,16,40,312,615,290,6,26,7,4,240,42,8600000US98226,31475.0,1524.0,22045,19975,153,689,574,20,280
82,96790,2534,2429,1571,5,6,472,111,3,261,105,45,0,3,5,6,20,26,8600000US96790,40341.0,5113.0,2534,1616,5,9,477,117,23
83,6067,7557,7379,6829,236,3,238,2,2,69,178,113,3,2,0,0,49,11,8600000US06067,44956.0,3409.0,7557,6942,239,5,238,2,51
84,33714,7966,7725,7186,161,48,229,5,8,88,241,153,5,7,1,0,60,15,8600000US33714,19670.0,1259.0,7966,7339,166,55,230,5,68
85,53209,19264,18952,7516,11022,52,185,2,7,168,312,113,65,2,2,1,105,24,8600000US53209,20313.0,766.0,19264,7629,11087,54,187,3,112
86,75180,6163,4985,3702,1102,52,40,2,5,82,1178,449,14,12,0,0,653,50,8600000US75180,14709.0,961.0,6163,4151,1116,64,40,2,658
87,38105,3671,3625,403,3085,1,95,0,2,39,46,20,15,0,1,0,7,3,8600000US38105,16697.0,2708.0,3671,423,3100,1,96,0,9
88,66049,8195,8009,7230,339,97,226,3,8,106,186,105,3,1,2,0,60,15,8600000US66049,38219.0,1888.0,8195,7335,342,98,228,3,68
89,78721,3099,1898,176,1691,7,2,0,4,18,1201,459,19,13,0,1,675,34,8600000US78721,20187.0,1757.0,3099,635,1710,20,2,1,679
90,62401,7650,7604,7510,17,10,32,0,0,35,46,24,0,1,0,0,17,4,8600000US62401,30139.0,2247.0,7650,7534,17,11,32,0,17
91,16511,4456,4349,4104,202,2,10,0,4,27,107,44,5,0,0,1,52,5,8600000US16511,26624.0,1696.0,4456,4148,207,2,10,1,56
92,48074,3117,3093,3020,33,9,3,1,1,26,24,16,0,2,0,0,6,0,8600000US48074,26586.0,2567.0,3117,3036,33,11,3,1,7
93,33304,9655,8934,7199,1207,23,119,5,19,362,721,500,32,5,4,0,139,41,8600000US33304,45069.0,5858.0,9655,7699,1239,28,123,5,158
94,86047,4020,3267,1661,101,1426,29,2,1,47,753,316,5,22,0,0,372,38,8600000US86047,14594.0,1275.0,4020,1977,106,1448,29,2,373
95,36701,9847,9801,4727,4969,10,45,0,2,48,46,13,18,0,3,0,8,4,8600000US36701,19688.0,1207.0,9847,4740,4987,10,48,0,10
96,29566,4931,4890,4155,683,13,12,1,2,24,41,28,3,1,0,0,7,2,8600000US29566,27831.0,1923.0,4931,4183,686,14,12,1,9
97,83686,10426,9478,9172,23,72,59,13,6,133,948,305,6,11,2,0,572,52,8600000US83686,21683.0,1035.0,10426,9477,29,83,61,13,578
98,93230,17681,12596,10755,800,131,407,28,25,450,5085,1877,23,102,10,2,2774,297,8600000US93230,24361.0,1387.0,17681,12632,823,233,417,30,2799
99,39571,6419,6337,5239,929,29,78,3,6,53,82,48,7,1,0,0,17,9,8600000US39571,27224.0,2332.0,6419,5287,936,30,78,3,23
100,15220,8817,8763,7663,426,3,550,1,14,106,54,41,1,2,0,0,7,3,8600000US15220,37144.0,1809.0,8817,7704,427,5,550,1,21
101,17404,23044,22073,20262,1431,23,172,5,13,167,971,322,56,8,1,1,521,62,8600000US17404,29583.0,1323.0,23044,20584,1487,31,173,6,534
102,68503,6317,6015,4726,501,87,525,5,16,155,302,117,6,6,1,1,151,20,8600000US68503,17567.0,1438.0,6317,4843,507,93,526,6,167
103,75652,4666,4434,3259,1117,16,8,0,0,34,232,86,4,2,0,0,126,14,8600000US75652,20816.0,2231.0,4666,3345,1121,18,8,0,126
104,45177,8234,8189,7786,297,12,33,0,2,59,45,31,1,0,0,0,10,3,8600000US45177,26845.0,2347.0,8234,7817,298,12,33,0,12
105,40356,11486,11395,10915,344,30,29,2,1,74,91,40,1,1,0,0,38,11,8600000US40356,29364.0,1483.0,11486,10955,345,31,29,2,39
106,34769,7214,6655,6396,107,32,43,2,1,74,559,359,23,6,0,1,139,31,8600000US34769,22068.0,2549.0,7214,6755,130,38,43,3,140
107,38119,9755,9617,8214,1052,12,249,2,7,81,138,90,2,0,0,0,37,9,8600000US38119,37616.0,3515.0,9755,8304,1054,12,249,2,44
108,63016,2685,2666,2636,1,8,2,0,0,19,19,13,0,0,0,0,6,0,8600000US63016,29110.0,4207.0,2685,2649,1,8,2,0,6
109,97013,6876,6435,6269,11,40,44,1,1,69,441,201,3,6,2,1,205,23,8600000US97013,30725.0,1751.0,6876,6470,14,46,46,2,206
110,10801,12749,10362,6077,3668,14,321,4,35,243,2387,1435,71,15,6,2,697,161,8600000US10801,31032.0,1610.0,12749,7512,3739,29,327,6,732
111,80031,10975,9577,8871,124,40,413,4,3,122,1398,761,5,25,5,2,527,73,8600000US80031,35538.0,1608.0,10975,9632,129,65,418,6,530
112,78501,18696,4293,3868,89,18,252,3,3,60,14403,11470,19,48,7,3,2428,428,8600000US78501,17546.0,905.0,18696,15338,108,66,259,6,2431
113,27705,17329,16502,11809,3617,45,772,1,20,238,827,258,22,4,2,1,493,47,8600000US27705,34276.0,2072.0,17329,12067,3639,49,774,2,513
114,44413,3115,3105,3082,4,3,1,0,0,15,10,7,0,0,0,0,2,1,8600000US44413,21581.0,1936.0,3115,3089,4,3,1,0,2
115,54720,3003,2993,2933,15,11,17,0,1,16,10,7,0,0,1,0,1,1,8600000US54720,30393.0,3112.0,3003,2940,15,11,18,0,2
116,15146,12382,12307,10754,980,12,454,6,13,88,75,49,4,0,1,1,15,5,8600000US15146,33327.0,1364.0,12382,10803,984,12,455,7,28
117,35212,6086,5910,1476,4374,9,17,0,3,31,176,43,21,4,0,0,97,11,8600000US35212,19139.0,1930.0,6086,1519,4395,13,17,0,100
118,54220,16707,16483,16037,50,85,230,4,3,74,224,122,2,6,1,1,84,8,8600000US54220,27316.0,1062.0,16707,16159,52,91,231,5,87
119,8098,2928,2898,2547,316,7,16,0,2,10,30,20,1,0,0,0,7,2,8600000US08098,36881.0,2914.0,2928,2567,317,7,16,0,9
120,35802,9431,9317,8178,789,46,219,2,9,74,114,90,4,1,1,0,13,5,8600000US35802,43370.0,2143.0,9431,8268,793,47,220,2,22
121,45769,2610,2606,2541,29,11,1,0,1,23,4,3,0,0,0,0,1,0,8600000US45769,21360.0,2628.0,2610,2544,29,11,1,0,2
122,10032,20789,8075,1703,5322,43,581,3,46,377,12714,2589,939,128,17,16,7797,1228,8600000US10032,23217.0,1429.0,20789,4292,6261,171,598,19,7843
123,98116,10571,10276,9422,153,76,352,16,21,236,295,166,6,8,2,2,80,31,8600000US98116,60743.0,3890.0,10571,9588,159,84,354,18,101
124,57350,5996,5945,5813,45,37,23,1,0,26,51,28,0,2,0,1,17,3,8600000US57350,23820.0,1218.0,5996,5841,45,39,23,2,17
125,54457,3426,3387,3323,2,42,5,1,2,12,39,14,0,1,0,0,22,2,8600000US54457,29632.0,3189.0,3426,3337,2,43,5,1,24
126,92024,18277,16704,15750,86,51,523,20,28,246,1573,898,3,29,4,1,560,78,8600000US92024,58763.0,4218.0,18277,16648,89,80,527,21,588
127,6484,14190,13816,13301,122,21,235,0,7,130,374,262,5,2,2,0,85,18,8600000US06484,45642.0,2806.0,14190,13563,127,23,237,0,92
128,23847,5110,5062,2337,2677,4,17,3,5,19,48,26,8,1,0,0,13,0,8600000US23847,16588.0,1023.0,5110,2363,2685,5,17,3,18
129,11961,5270,5155,4944,133,10,26,0,4,38,115,85,3,1,0,0,20,6,8600000US11961,34900.0,2372.0,5270,5029,136,11,26,0,24
130,14613,5545,4990,3267,1458,39,78,0,13,135,555,208,31,4,1,0,244,67,8600000US14613,15823.0,1078.0,5545,3475,1489,43,79,0,257
131,63052,6661,6603,6511,13,18,15,3,1,42,58,33,0,1,1,0,13,10,8600000US63052,28730.0,1471.0,6661,6544,13,19,16,3,14
132,8090,3048,3008,2687,277,3,17,0,0,24,40,26,3,1,1,0,6,3,8600000US08090,34114.0,1872.0,3048,2713,280,4,18,0,6
133,84501,4465,4084,3936,9,33,12,2,8,84,381,160,0,6,1,0,179,35,8600000US84501,21507.0,1138.0,4465,4096,9,39,13,2,187
134,41501,9778,9722,9548,63,8,53,1,0,49,56,45,2,1,3,0,3,2,8600000US41501,24048.0,2229.0,9778,9593,65,9,56,1,3
135,37854,4878,4859,4669,145,9,6,2,1,27,19,15,0,0,0,0,3,1,8600000US37854,21126.0,1876.0,4878,4684,145,9,6,2,4
136,84116,9710,6919,5745,288,102,389,208,8,179,2791,1353,29,39,4,2,1203,161,8600000US84116,18518.0,1404.0,9710,7098,317,141,393,210,1211
137,56303,9606,9529,9180,91,40,148,2,6,62,77,39,2,3,0,0,31,2,8600000US56303,27621.0,1609.0,9606,9219,93,43,148,2,37
138,21234,29231,28883,23078,4738,45,734,8,16,264,348,206,39,3,2,3,58,37,8600000US21234,33528.0,1069.0,29231,23284,4777,48,736,11,74
139,75013,3735,3619,3278,106,12,196,1,1,25,116,73,1,2,2,0,33,5,8600000US75013,51388.0,3582.0,3735,3351,107,14,198,1,34
140,70809,8871,8716,7745,760,19,128,1,10,53,155,119,2,2,2,0,26,4,8600000US70809,43456.0,2726.0,8871,7864,762,21,130,1,36
141,28144,10113,9910,5877,3832,36,80,1,7,77,203,105,16,0,0,2,72,8,8600000US28144,23120.0,2063.0,10113,5982,3848,36,80,3,79
142,99026,2539,2515,2445,9,19,10,2,0,30,24,16,0,0,0,1,6,1,8600000US99026,30937.0,2982.0,2539,2461,9,19,10,3,6
143,56320,2768,2725,2709,2,2,1,0,1,10,43,26,2,1,0,0,13,1,8600000US56320,33415.0,2080.0,2768,2735,4,3,1,0,14
144,78016,3124,1970,1899,13,10,1,0,7,40,1154,715,4,11,2,0,368,54,8600000US78016,23182.0,2131.0,3124,2614,17,21,3,0,375
145,1966,3490,3470,3429,5,3,11,0,2,20,20,13,0,0,0,0,5,2,8600000US01966,43976.0,4563.0,3490,3442,5,3,11,0,7
146,37062,3362,3341,3282,15,12,5,0,0,27,21,14,0,0,0,0,5,2,8600000US37062,28863.0,2537.0,3362,3296,15,12,5,0,5
147,75428,3538,3371,2680,567,18,56,6,3,41,167,88,4,3,0,0,67,5,8600000US75428,18873.0,1644.0,3538,2768,571,21,56,6,70
148,8203,5473,5162,4707,161,8,215,2,7,62,311,122,14,3,2,0,152,18,8600000US08203,41869.0,2751.0,5473,4829,175,11,217,2,159
149,98106,8500,7846,4862,924,127,1435,103,26,369,654,148,24,17,5,0,404,56,8600000US98106,31374.0,1793.0,8500,5010,948,144,1440,103,430
150,28711,5080,5047,4769,196,15,22,1,2,42,33,19,0,0,0,0,13,1,8600000US28711,25380.0,1898.0,5080,4788,196,15,22,1,15
151,29418,8796,8555,5044,3136,31,207,7,6,124,241,102,22,3,2,2,90,20,8600000US29418,23308.0,1966.0,8796,5146,3158,34,209,9,96
152,48451,4528,4506,4440,6,14,12,2,1,31,22,14,0,0,0,0,7,1,8600000US48451,33754.0,1658.0,4528,4454,6,14,12,2,8
153,33592,3707,3542,3064,394,21,7,3,6,47,165,102,3,2,2,0,47,9,8600000US33592,22367.0,2366.0,3707,3166,397,23,9,3,53
154,30152,8902,8576,7787,519,24,165,0,6,75,326,153,6,2,1,1,123,40,8600000US30152,37929.0,2356.0,8902,7940,525,26,166,1,129
155,5482,2652,2633,2601,2,3,19,0,1,7,19,14,0,0,0,0,4,1,8600000US05482,55568.0,6361.0,2652,2615,2,3,19,0,5
156,70435,3727,3692,3374,290,9,2,0,4,13,35,29,0,1,0,0,5,0,8600000US70435,32194.0,2398.0,3727,3403,290,10,2,0,9
157,1027,7411,7311,7148,31,12,64,0,12,44,100,38,6,1,0,0,50,5,8600000US01027,34386.0,2680.0,7411,7186,37,13,64,0,62
158,23692,6414,6343,5801,355,24,112,5,2,44,71,47,1,0,0,0,20,3,8600000US23692,38117.0,2211.0,6414,5848,356,24,112,5,22
159,32344,3740,3701,2358,1295,10,7,1,0,30,39,19,7,0,1,0,7,5,8600000US32344,21713.0,1618.0,3740,2377,1302,10,8,1,7
160,47394,3579,3555,3526,0,7,9,0,0,13,24,17,0,0,1,0,4,2,8600000US47394,24922.0,3803.0,3579,3543,0,7,10,0,4
161,48316,7776,7710,7516,40,21,71,0,2,60,66,46,0,0,1,0,16,3,8600000US48316,38875.0,3158.0,7776,7562,40,21,72,0,18
162,35151,3216,3199,2799,372,14,0,0,1,13,17,14,0,0,0,0,3,0,8600000US35151,19787.0,2101.0,3216,2813,372,14,0,0,4
163,68949,2740,2696,2676,1,9,3,0,0,7,44,23,0,0,0,0,18,3,8600000US68949,29594.0,2957.0,2740,2699,1,9,3,0,18
164,30106,5739,5587,3696,1748,10,61,1,7,64,152,70,4,2,1,1,59,15,8600000US30106,23720.0,1785.0,5739,3766,1752,12,62,2,66
165,78840,13892,4374,3944,227,43,71,5,6,78,9518,7040,18,51,3,1,2134,271,8600000US78840,20152.0,1253.0,13892,10984,245,94,74,6,2140
166,89030,14019,6881,3188,3221,75,185,28,9,175,7138,3616,56,55,11,5,2964,431,8600000US89030,12967.0,584.0,14019,6804,3277,130,196,33,2973
167,98390,15999,15612,14950,75,147,162,21,9,248,387,236,2,6,5,1,111,26,8600000US98390,33357.0,2884.0,15999,15186,77,153,167,22,120
168,30224,8121,8037,6321,1615,9,54,1,0,37,84,38,14,2,1,0,22,7,8600000US30224,26582.0,3128.0,8121,6359,1629,11,55,1,22
169,37617,5087,5057,5004,9,7,10,1,3,23,30,23,0,0,0,0,6,1,8600000US37617,28341.0,2544.0,5087,5027,9,7,10,1,9
170,23704,7448,7380,1946,5294,23,28,5,6,78,68,29,13,4,0,0,17,5,8600000US23704,21272.0,1323.0,7448,1975,5307,27,28,5,23
171,85226,14375,13088,11444,531,116,806,12,20,159,1287,657,9,21,9,2,514,75,8600000US85226,38109.0,1720.0,14375,12101,540,137,815,14,534
172,72023,9036,8934,8766,21,35,29,3,2,78,102,72,0,3,1,0,20,6,8600000US72023,26049.0,897.0,9036,8838,21,38,30,3,22
173,1082,4113,4059,3980,20,8,17,0,2,32,54,27,1,2,0,0,21,3,8600000US01082,27830.0,2109.0,4113,4007,21,10,17,0,23
174,23451,19220,18767,16716,1531,54,214,13,22,217,453,245,17,8,5,5,137,36,8600000US23451,46647.0,2554.0,19220,16961,1548,62,219,18,159
175,1129,2756,2603,2185,359,8,23,0,3,25,153,64,9,1,0,0,65,14,8600000US01129,30597.0,2229.0,2756,2249,368,9,23,0,68
176,29730,16752,16537,10416,5654,277,90,2,6,92,215,89,12,5,0,1,93,15,8600000US29730,23919.0,1055.0,16752,10505,5666,282,90,3,99
177,7751,5276,5138,4363,101,6,639,1,2,26,138,102,6,1,1,0,23,5,8600000US07751,57947.0,5537.0,5276,4465,107,7,640,1,25
178,2476,7630,7527,6980,115,11,350,0,15,56,103,77,3,0,0,0,19,4,8600000US02476,56965.0,3287.0,7630,7057,118,11,350,0,34
179,80424,2998,2913,2842,5,9,14,0,2,41,85,53,0,2,0,0,27,3,8600000US80424,38006.0,4503.0,2998,2895,5,11,14,0,29
180,1527,4927,4901,4811,20,6,37,1,2,24,26,18,0,0,0,0,8,0,8600000US01527,37951.0,3958.0,4927,4829,20,6,37,1,10
181,95054,4274,3888,1891,118,15,1713,11,12,128,386,176,3,4,7,1,171,24,8600000US95054,54051.0,3672.0,4274,2067,121,19,1720,12,183
182,28360,4373,4157,1071,373,2652,6,1,7,47,216,128,1,24,0,1,55,7,8600000US28360,18017.0,1038.0,4373,1199,374,2676,6,2,62
183,32210,22736,21904,15979,4993,83,534,12,20,283,832,397,57,9,6,2,297,64,8600000US32210,24221.0,1119.0,22736,16376,5050,92,540,14,317
184,46250,8408,8230,7396,549,14,190,6,8,67,178,88,1,3,1,0,76,9,8600000US46250,39680.0,2689.0,8408,7484,550,17,191,6,84
185,3857,3379,3336,3210,18,5,69,0,6,28,43,27,2,2,0,0,9,3,8600000US03857,37755.0,3384.0,3379,3237,20,7,69,0,15
186,24153,14104,14022,13266,597,17,77,2,5,58,82,58,4,1,0,0,16,3,8600000US24153,30698.0,1699.0,14104,13324,601,18,77,2,21
187,6489,11288,11111,10864,84,8,83,0,4,68,177,109,6,0,1,0,49,12,8600000US06489,41231.0,1533.0,11288,10973,90,8,84,0,53
188,91202,8763,7971,5944,103,10,1290,12,10,602,792,510,4,3,3,0,214,58,8600000US91202,36366.0,2497.0,8763,6454,107,13,1293,12,224
189,77318,3786,3639,3531,44,28,10,0,2,24,147,90,1,2,0,0,43,11,8600000US77318,33766.0,4897.0,3786,3621,45,30,10,0,45
190,95762,7236,6954,6489,52,30,253,10,18,102,282,179,0,7,6,1,69,20,8600000US95762,53185.0,2610.0,7236,6668,52,37,259,11,87
191,4473,2691,2672,2546,17,17,59,1,5,27,19,11,1,0,0,0,6,1,8600000US04473,25040.0,2461.0,2691,2557,18,17,59,1,11
192,17362,4177,4155,4121,7,2,5,0,2,18,22,12,0,0,0,0,7,3,8600000US17362,31633.0,1902.0,4177,4133,7,2,5,0,9
193,15219,6761,6700,1433,5070,20,64,5,11,97,61,24,15,0,0,0,18,4,8600000US15219,17266.0,1471.0,6761,1457,5085,20,64,5,29
194,48335,10489,10346,8212,727,19,1258,3,10,117,143,99,2,1,1,0,27,13,8600000US48335,43881.0,2074.0,10489,8311,729,20,1259,3,37
195,35803,9896,9727,8966,239,58,314,7,6,137,169,115,2,3,2,0,37,10,8600000US35803,38997.0,2424.0,9896,9081,241,61,316,7,43
196,48706,16575,16224,15915,80,57,65,2,3,102,351,218,2,8,0,0,94,29,8600000US48706,25821.0,947.0,16575,16133,82,65,65,2,97
197,15137,4903,4877,4355,469,4,18,0,4,27,26,15,2,0,1,0,4,4,8600000US15137,27693.0,3799.0,4903,4370,471,4,19,0,8
198,24416,3447,3426,3258,132,8,11,1,0,16,21,16,1,0,0,0,1,3,8600000US24416,21762.0,2179.0,3447,3274,133,8,11,1,1
199,45459,11917,11800,11147,276,13,283,1,5,75,117,81,6,1,1,0,21,7,8600000US45459,44834.0,1650.0,11917,11228,282,14,284,1,26
200,76051,15609,14322,13334,379,87,335,8,17,162,1287,717,10,7,3,1,500,49,8600000US76051,43011.0,2142.0,15609,14051,389,94,338,9,517
201,97007,19770,18780,16499,272,93,1499,54,18,345,990,430,10,18,6,2,455,69,8600000US97007,34533.0,1292.0,19770,16929,282,111,1505,56,473
202,38668,4370,4343,3202,1102,8,4,4,0,23,27,16,4,1,1,0,4,1,8600000US38668,23719.0,2138.0,4370,3218,1106,9,5,4,4
203,29307,8355,8262,7019,1130,7,55,0,4,47,93,47,4,0,0,0,36,6,8600000US29307,26526.0,1555.0,8355,7066,1134,7,55,0,40
204,34984,3582,3359,3099,205,3,25,0,1,26,223,171,6,2,0,0,37,7,8600000US34984,26090.0,2541.0,3582,3270,211,5,25,0,38
205,44030,6398,6362,6216,60,11,23,2,0,50,36,25,0,0,0,0,7,4,8600000US44030,20395.0,768.0,6398,6241,60,11,23,2,7
206,51632,2577,2569,2520,11,5,16,1,0,16,8,6,0,0,0,0,1,1,8600000US51632,24136.0,2865.0,2577,2526,11,5,16,1,1
207,79924,18877,9924,7391,1777,73,381,37,13,252,8953,5803,75,73,17,4,2514,467,8600000US79924,17850.0,847.0,18877,13194,1852,146,398,41,2527
208,98056,10287,9858,8080,490,66,955,26,19,222,429,191,7,6,8,2,178,37,8600000US98056,43286.0,3036.0,10287,8271,497,72,963,28,197
209,41139,3620,3605,3575,4,5,7,0,0,14,15,8,0,1,0,0,6,0,8600000US41139,26268.0,2499.0,3620,3583,4,6,7,0,6
210,85501,5206,4000,3836,20,74,34,2,1,33,1206,656,1,15,2,0,493,39,8600000US85501,22720.0,1714.0,5206,4492,21,89,36,2,494
211,91706,17235,4825,2061,328,60,2211,19,13,133,12410,5282,28,198,23,9,6217,653,8600000US91706,17717.0,581.0,17235,7343,356,258,2234,28,6230
212,84084,12043,10917,10407,65,47,179,109,9,101,1126,505,5,8,3,0,536,69,8600000US84084,25515.0,1354.0,12043,10912,70,55,182,109,545
213,76092,6254,6092,5855,80,19,99,0,4,35,162,117,0,0,1,0,34,10,8600000US76092,79825.0,4884.0,6254,5972,80,19,100,0,38
214,77625,2826,2789,2505,249,7,4,0,1,23,37,19,2,0,0,0,14,2,8600000US77625,34005.0,7473.0,2826,2524,251,7,4,0,15
215,55103,5098,4796,2619,1158,57,777,2,13,170,302,124,11,4,1,0,133,29,8600000US55103,18096.0,1276.0,5098,2743,1169,61,778,2,146
216,90712,10685,9051,6983,830,40,906,37,21,234,1634,802,11,19,13,4,687,98,8600000US90712,32656.0,1253.0,10685,7785,841,59,919,41,708
217,75494,4041,3870,3730,88,10,11,1,0,30,171,84,1,4,0,0,78,4,8600000US75494,21684.0,2265.0,4041,3814,89,14,11,1,78
218,77591,4000,3683,1400,2200,10,41,0,1,31,317,147,8,2,2,0,136,22,8600000US77591,26635.0,3452.0,4000,1547,2208,12,43,0,137
219,84341,5086,4932,4640,28,20,197,13,2,32,154,74,0,0,0,0,68,12,8600000US84341,23014.0,1459.0,5086,4714,28,20,197,13,70
220,29576,7385,7343,7067,204,10,17,3,0,42,42,26,2,1,2,0,8,3,8600000US29576,33321.0,1966.0,7385,7093,206,11,19,3,8
221,49461,3274,3248,3186,12,25,6,0,1,18,26,16,0,0,0,0,8,2,8600000US49461,27533.0,2033.0,3274,3202,12,25,6,0,9
222,44301,6972,6922,5687,1095,13,61,1,3,62,50,29,6,0,1,0,10,4,8600000US44301,21662.0,1590.0,6972,5716,1101,13,62,1,13
223,19454,9530,9428,8152,519,9,680,2,7,59,102,73,4,0,0,0,23,2,8600000US19454,46636.0,2730.0,9530,8225,523,9,680,2,30
224,78219,5032,3525,1848,1524,17,90,3,2,41,1507,851,16,12,5,1,540,82,8600000US78219,16793.0,1325.0,5032,2699,1540,29,95,4,542
225,45344,6663,6575,6468,14,15,18,1,0,59,88,41,1,3,0,0,35,8,8600000US45344,24327.0,1848.0,6663,6509,15,18,18,1,35
226,60561,8961,8744,7728,161,5,794,1,5,50,217,150,3,0,2,0,53,9,8600000US60561,45628.0,2274.0,8961,7878,164,5,796,1,58
227,95476,14129,12626,12163,32,55,137,14,17,208,1503,877,1,22,1,2,504,96,8600000US95476,48634.0,6300.0,14129,13040,33,77,138,16,521
228,48390,7929,7854,7594,53,11,131,1,6,58,75,51,0,0,2,0,17,5,8600000US48390,37929.0,1593.0,7929,7645,53,11,133,1,23
229,72956,10899,10577,9914,116,182,149,0,4,212,322,127,1,7,3,0,158,26,8600000US72956,22325.0,1208.0,10899,10041,117,189,152,0,162
230,8318,4181,4114,3806,243,16,15,1,4,29,67,30,5,1,0,0,25,6,8600000US08318,35730.0,2152.0,4181,3836,248,17,15,1,29
231,2120,4041,3180,1417,1292,23,287,2,27,132,861,241,87,7,2,2,417,105,8600000US02120,18566.0,2064.0,4041,1658,1379,30,289,4,444
232,19518,3915,3893,3776,73,6,15,0,0,23,22,8,0,0,0,0,13,1,8600000US19518,35696.0,2066.0,3915,3784,73,6,15,0,13
233,32818,11954,10529,5099,4624,35,342,7,67,355,1425,769,100,7,7,0,441,101,8600000US32818,17759.0,942.0,11954,5868,4724,42,349,7,508
234,78380,6986,1975,1842,79,18,8,2,1,25,5011,3302,1,18,0,2,1477,211,8600000US78380,21099.0,2474.0,6986,5144,80,36,8,4,1478
235,38012,5737,5625,2674,2911,5,5,0,1,29,112,33,11,2,0,1,59,6,8600000US38012,21865.0,2941.0,5737,2707,2922,7,5,1,60
236,22546,3633,3601,2412,1125,13,10,0,1,40,32,15,5,0,0,0,11,1,8600000US22546,28638.0,1889.0,3633,2427,1130,13,10,0,12
237,77429,14090,13140,12221,430,29,313,5,12,130,950,576,11,7,3,1,316,36,8600000US77429,41786.0,2421.0,14090,12797,441,36,316,6,328
238,45226,3249,3223,3042,118,2,32,0,1,28,26,17,2,0,0,0,6,1,8600000US45226,60985.0,8857.0,3249,3059,120,2,32,0,7
239,70127,11754,11563,1769,9538,16,90,0,24,126,191,67,69,1,0,0,35,19,8600000US70127,16715.0,1022.0,11754,1836,9607,17,90,0,59
240,37701,2737,2708,2213,458,7,7,1,0,22,29,20,1,0,0,0,5,3,8600000US37701,23304.0,2747.0,2737,2233,459,7,7,1,5
241,76548,6293,5643,4420,871,49,176,16,7,104,650,279,13,7,3,0,311,37,8600000US76548,31033.0,4921.0,6293,4699,884,56,179,16,318
242,29455,5353,5180,3587,1513,18,19,3,4,36,173,84,6,0,0,0,78,5,8600000US29455,46292.0,3081.0,5353,3671,1519,18,19,3,82
243,49038,4037,3983,3876,46,24,12,0,1,24,54,29,1,1,1,0,18,4,8600000US49038,27674.0,2403.0,4037,3905,47,25,13,0,19
244,80233,13022,11117,10471,153,66,265,9,17,136,1905,974,8,46,2,0,769,106,8600000US80233,28492.0,1234.0,13022,11445,161,112,267,9,786
245,91436,5124,4998,4641,70,8,163,1,8,107,126,100,0,1,0,0,17,8,8600000US91436,89841.0,8311.0,5124,4741,70,9,163,1,25
246,90003,14461,6984,128,6658,18,45,5,26,104,7477,2009,78,82,10,12,4831,455,8600000US90003,11305.0,463.0,14461,2137,6736,100,55,17,4857
247,84414,6099,5947,5834,23,15,40,4,3,28,152,66,0,1,1,0,74,10,8600000US84414,28456.0,1161.0,6099,5900,23,16,41,4,77
248,8062,3514,3476,3322,126,4,9,0,1,14,38,23,2,2,0,0,9,2,8600000US08062,49709.0,2476.0,3514,3345,128,6,9,0,10
249,37650,5353,5280,5232,2,11,2,1,0,32,73,38,0,1,0,0,30,4,8600000US37650,20088.0,1766.0,5353,5270,2,12,2,1,30
